s12 = 0.22499384992548616
s13 = 0.0036674992393465997
s23 = 0.041288336881261316

abs(V):
[[9.74353037e-01 2.24992200e-01 3.66749924e-03]
 [2.24860070e-01 9.73515887e-01 4.12880592e-02]
 [8.53375758e-03 4.05626586e-02 9.99140553e-01]
 [1.13308873e-03 1.06595073e-06 4.41806157e-08]]

phases(V):
[[ 0.00000000e+00 -5.65573736e-01 -2.23131953e+00]
 [-2.57541620e+00 -3.21483895e-05 -5.01299084e-01]
 [ 6.72403909e-01 -2.62162200e+00  1.65092467e-09]
 [ 7.23300130e-01  1.57108584e-01 -3.53878725e-01]]

F_u = V @ V_dag:
[[9.99998781e-01 2.79739148e-07 1.06720206e-08 1.10426834e-03]
 [2.79739148e-07 9.99999936e-01 2.38860655e-09 2.53746867e-04]
 [1.06720206e-08 2.38860655e-09 9.99999999e-01 9.67049082e-06]
 [1.10426834e-03 2.53746867e-04 9.67049082e-06 1.28389120e-06]]

F_d = V_dag @ V:
[[1.00000000e+00 5.46638568e-10 1.62383347e-11]
 [5.46638568e-10 1.00000000e+00 1.75732249e-11]
 [1.62383347e-11 1.75732249e-11 9.99999999e-01]]

CKM:
[[ 0.97435304+0.00000000e+00j  0.1899567 -1.20573387e-01j -0.00225012-2.89611903e-03j]
 [-0.18977248-1.20616980e-01j  0.97351589-3.12969679e-05j  0.03620794-1.98416039e-02j]
 [ 0.00667619+5.31540816e-03j -0.03520164-2.01537465e-02j  0.99914055+1.64950579e-09j]]

CKM @ CKM_dag:
[[9.99998781e-01 2.79739148e-07 1.06720206e-08]
 [2.79739148e-07 9.99999936e-01 2.38860655e-09]
 [1.06720206e-08 2.38860655e-09 9.99999999e-01]]

CKM_dag @ CKM:
[[9.99998717e-01 1.67741353e-09 6.27503272e-11]
 [1.67741353e-09 1.00000000e+00 1.76051194e-11]
 [6.27503272e-11 1.76051194e-11 9.99999999e-01]]

V after rephasing:
[[ 0.00000000e+00  0.00000000e+00 -1.14400000e+00]
 [ 3.12174866e+00 -2.04788600e-02 -2.52090824e-16]
 [-4.14915625e-01  3.13981751e+00 -1.11117802e-16]
 [ 7.23300130e-01  7.22682320e-01  7.33440807e-01]]

phase(V[1,0]):
-3.1409953684792926

phase(V[1,1]):
-3.185724719976133e-05

phase(V[2,0]):
-0.39427793558918217

phase(V[2,1]):
-3.123096226863848

gamma:
66.6833488365196

alpha:
90.68071409652211

beta:
22.63593706695831

Jarlskog:
3.046654241305388e-05

