LIST OF MAXIMALLY RESTRICTIVE PAIRS OF TEXTURE ZEROS (AFTER MINUIT):

M_u:
[[0 0 1 1]
 [0 1 0 1]
 [1 0 1 0]
 [0 1 0 0]]
M_d:
[[0 0 1]
 [0 1 0]
 [1 0 2]]

#################################
M_u:
[[ 0.00000000e+00+0.j  0.00000000e+00+0.j  7.48169502e-03+0.j  3.89889413e-02+0.j]
 [ 0.00000000e+00+0.j -1.31416994e-02+0.j  0.00000000e+00+0.j  3.47422838e-04+0.j]
 [ 2.21639761e-06+0.j  0.00000000e+00+0.j  2.89724026e-04+0.j  0.00000000e+00+0.j]
 [ 0.00000000e+00+0.j  3.21595130e-01+0.j  0.00000000e+00+0.j  0.00000000e+00+0.j]]
M_d:
[[   0.         +0.j            0.         +0.j         4175.7358899  +0.j        ]
 [   0.         +0.j            4.67       +0.j            0.         +0.j        ]
 [  93.47294976 +0.j            0.         +0.j          162.13587918-71.24972603j]]
chi_square: 1.5896620581923555
scale_up = (4349677.423418475+0j)
scale_down = (1.0001216287000756-7.076669795778545e-20j)
m_u = (2.1600387717823204+0j) MeV/ chi_square_ratio_ut = 6.260570399118877e-09
m_c = (1.2699503415267366+0j) GeV/ chi_square_ratio_ct = 6.090790964136356e-06
m_t = (172.69+0j) GeV
m_VLQ = (1.4000025300567005+0j) TeV / chi_square_m_VLQ = 6.401186908130004e-08
m_d = (4.670568006029353-3.30480479462858e-19j) MeV / chi_square_ratio_db = 1.397279602470063e-06
m_s = (93.40031212143629+6.236606185803036e-15j) MeV/ chi_square_m_ratio_sb = 1.3136484777658058e-09
m_b = (4.18+4.930380657631324e-35j) GeV
V_ud = 0.9737264356004962 / chi_square_V_ud = 0.00013220545080655987
V_us = 0.22418506568696633 / chi_square_V_us = 0.020640462988313464
V_ub = 0.003821484231445682 / chi_square_V_ub = 5.507357460878282e-05
V_cd = 0.22386631181017536 / chi_square_V_cd = 0.5134839620719195
V_cs = 0.9736778888082643 / chi_square_V_cs = 0.04855494453646221
V_cb = 0.04185158834168401 / chi_square_V_cb = 0.5642030818192444
V_td = 0.00857947057904074 / chi_square_V_td = 0.010536428123063147
V_ts = 0.04113909519297608 / chi_square_V_ts = 0.1608052836209561
|V_ud|^2 + |V_us|^2 + |V_ub|^2 = 0.9984167188060479 / chi_square_first_row_unitarity = 5.1158762022907425
gamma = 66.19228961026052 / chi_square_gamma = 0.00784510709515531
V:
[[ 9.73726436e-01+0.00000000e+00j  2.24185017e-01+1.47989129e-04j  2.70838842e-05-3.82138825e-03j]
 [-2.23866312e-01+0.00000000e+00j  9.73677889e-01-9.95523394e-06j  3.84090141e-02-1.66223670e-02j]
 [ 8.57947058e-03+0.00000000e+00j -3.74371541e-02-1.70553406e-02j  9.99116530e-01-2.34556656e-05j]
 [-4.08300839e-02+0.00000000e+00j  2.10297182e-07+9.24637494e-08j -5.41632103e-06+1.93468508e-12j]]

#################################

M_u:
[[ 0.00000000e+00+0.j  0.00000000e+00+0.j  1.19449509e-04+0.j  6.22483050e-04+0.j]
 [ 0.00000000e+00+0.j -2.22701880e-04+0.j  0.00000000e+00+0.j  5.54700918e-06+0.j]
 [-3.53862004e-08+0.j  0.00000000e+00+0.j  4.62577810e-06+0.j  0.00000000e+00+0.j]
 [ 0.00000000e+00+0.j  5.44985984e-03+0.j  0.00000000e+00+0.j  0.00000000e+00+0.j]]
M_d:
[[   0.         +0.j            0.         +0.j         4175.76125977 +0.j        ]
 [   0.         +0.j            4.67       +0.j            0.         +0.j        ]
 [  93.47548843 +0.j            0.         +0.j          162.13658335-71.25129211j]]
chi_square: 1.589627112796901
scale_up = (272440094.3714813+0j)
scale_down = (1.0001155504188324-1.871783752511603e-22j)
m_u = (2.1600283064315215+0j) MeV/ chi_square_ratio_ut = 3.336972426082425e-09
m_c = (1.2699919895866232+0j) GeV/ chi_square_ratio_ct = 1.5848816067624824e-07
m_t = (172.69+0j) GeV
m_VLQ = (1.48599947579797+0j) TeV / chi_square_m_VLQ = 2.7478776817146414e-09
m_d = (4.670539620455947-8.741230124229186e-22j) MeV / chi_square_ratio_db = 1.2611136803819066e-06
m_s = (93.40228096098986+1.9444258414079044e-14j) MeV/ chi_square_m_ratio_sb = 7.015646357137937e-08
m_b = (4.18-9.62964972193618e-38j) GeV
V_ud = 0.9737266125070697 / chi_square_V_ud = 0.00011940799534498497
V_us = 0.224184352426751 / chi_square_V_us = 0.020897439372473275
V_ub = 0.003821530385842305 / chi_square_V_ub = 5.855202065816987e-05
V_cd = 0.22386559149932958 / chi_square_V_cd = 0.5132259150643713
V_cs = 0.9736780523797869 / chi_square_V_cs = 0.048542930849640564
V_cb = 0.041851658631998856 / chi_square_V_cb = 0.5642785093151524
V_td = 0.008579783549983762 / chi_square_V_td = 0.010217621281476033
V_ts = 0.04113911089897145 / chi_square_V_ts = 0.16079128795209235
|V_ud|^2 + |V_us|^2 + |V_ub|^2 = 0.9984167438719848 / chi_square_first_row_unitarity = 5.1157142181588116
gamma = 66.19692470454474 / chi_square_gamma = 0.008095893495773995
V:
[[ 9.73726613e-01+0.00000000e+00j  2.24184304e-01+1.47996431e-04j  2.67512268e-05-3.82143675e-03j]
 [-2.23865591e-01+0.00000000e+00j  9.73678052e-01-9.95571967e-06j  3.84089749e-02-1.66226346e-02j]
 [ 8.57978355e-03+0.00000000e+00j -3.74370477e-02-1.70556122e-02j  9.99116527e-01-2.34567194e-05j]
 [-4.08297483e-02+0.00000000e+00j  1.86353207e-07+8.19325141e-08j -4.79934779e-06+1.52171191e-12j]]

#################################

M_u:
[[ 0.00000000e+00+0.j  0.00000000e+00+0.j  1.39259211e-03+0.j  7.25720960e-03+0.j]
 [ 0.00000000e+00+0.j  2.74641617e-03+0.j  0.00000000e+00+0.j  6.46694039e-05+0.j]
 [-4.12550442e-07+0.j  0.00000000e+00+0.j  5.39290028e-05+0.j  0.00000000e+00+0.j]
 [ 0.00000000e+00+0.j  6.72142062e-02+0.j  0.00000000e+00+0.j  0.00000000e+00+0.j]]
M_d:
[[   0.         +0.j           0.         +0.j        4175.77642111 +0.j       ]
 [   0.         +0.j           4.67       +0.j           0.         +0.j       ]
 [  93.47493953 +0.j           0.         +0.j         162.13285971-71.2566402j]]
chi_square: 1.5896116936379048
scale_up = (23368399.989900295+0j)
scale_down = (1.0001119385015818-1.871723342663981e-22j)
m_u = (2.160034493257078+0j) MeV/ chi_square_ratio_ut = 4.955081275354291e-09
m_c = (1.2699792234668885+0j) GeV/ chi_square_ratio_ct = 1.0661863776935884e-06
m_t = (172.69+0j) GeV
m_VLQ = (1.5719991138149876+0j) TeV / chi_square_m_VLQ = 7.853238760111793e-09
m_d = (4.670522752802387-8.740948010240791e-22j) MeV / chi_square_ratio_db = 1.183505190915167e-06
m_s = (93.40139697547129+1.9444302746138668e-14j) MeV/ chi_square_m_ratio_sb = 2.6315373277486962e-08
m_b = (4.18+0j) GeV
V_ud = 0.9737267531614889 / chi_square_V_ud = 0.00010969781807327544
V_us = 0.22418427693908935 / chi_square_V_us = 0.020924729416453017
V_ub = 0.0038218008543392332 / chi_square_V_ub = 8.107690877837534e-05
V_cd = 0.22386555071365313 / chi_square_V_cd = 0.5132113057823731
V_cs = 0.9736780872485239 / chi_square_V_cs = 0.048540370069863094
V_cb = 0.041851219287018564 / chi_square_V_cb = 0.5638071374488833
V_td = 0.008579767788741961 / chi_square_V_td = 0.010233559309748078
V_ts = 0.04113869701142798 / chi_square_V_ts = 0.161160308087748
|V_ud|^2 + |V_us|^2 + |V_ub|^2 = 0.9984169860108877 / chi_square_first_row_unitarity = 5.114149570867921
gamma = 66.19780146439818 / chi_square_gamma = 0.008143775224765696
V:
[[ 9.73726753e-01+0.00000000e+00j  2.24184228e-01+1.48006288e-04j  2.65590907e-05-3.82170857e-03j]
 [-2.23865551e-01+0.00000000e+00j  9.73678087e-01-9.95663999e-06j  3.84079821e-02-1.66238223e-02j]
 [ 8.57976779e-03+0.00000000e+00j -3.74360377e-02-1.70568306e-02j  9.99116544e-01-2.34580206e-05j]
 [ 4.08266207e-02+0.00000000e+00j -1.66269535e-07-7.31059220e-08j  4.28200777e-06-1.21326207e-12j]]

#################################

M_u:
[[ 0.00000000e+00+0.j  0.00000000e+00+0.j  1.30176680e-04+0.j -6.78362374e-04+0.j]
 [ 0.00000000e+00+0.j  2.70784850e-04+0.j  0.00000000e+00+0.j  6.04480660e-06+0.j]
 [-3.85643554e-08+0.j  0.00000000e+00+0.j -5.04106351e-06+0.j  0.00000000e+00+0.j]
 [ 0.00000000e+00+0.j  6.62652932e-03+0.j  0.00000000e+00+0.j  0.00000000e+00+0.j]]
M_d:
[[   0.         +0.j            0.         +0.j         4176.00872459 +0.j        ]
 [   0.         +0.j            4.67       +0.j            0.         +0.j        ]
 [  93.48125027 +0.j            0.         +0.j         -162.14657644+71.25450833j]]
chi_square: 1.5895877992509002
scale_up = (249997855.62454444+0j)
scale_down = (1.0000562854122916-7.065931557243493e-20j)
m_u = (2.1601189004037566+0j) MeV/ chi_square_ratio_ut = 5.887745520279721e-08
m_c = (1.269998289925504+0j) GeV/ chi_square_ratio_ct = 7.22299024483199e-09
m_t = (172.69+0j) GeV
m_VLQ = (1.6580006930261622+0j) TeV / chi_square_m_VLQ = 4.802852618417443e-09
m_d = (4.6702628528754015-3.2997900372327115e-19j) MeV / chi_square_ratio_db = 2.992284563752202e-07
m_s = (93.4025031530288-3.485320424470433e-15j) MeV/ chi_square_m_ratio_sb = 8.449028498659294e-08
m_b = (4.18+0j) GeV
V_ud = 0.9737265309208247 / chi_square_V_ud = 0.00012522903563155335
V_us = 0.22418471322324157 / chi_square_V_us = 0.020767251398980495
V_ub = 0.0038214844690620912 / chi_square_V_ub = 5.509120990764809e-05
V_cd = 0.22386596063385156 / chi_square_V_cd = 0.5133581471741755
V_cs = 0.9736779720121785 / chi_square_V_cs = 0.04854883334953343
V_cb = 0.04185155229411786 / chi_square_V_cb = 0.5641644016655779
V_td = 0.008579590813486476 / chi_square_V_td = 0.010413372353595372
V_ts = 0.041139046869919996 / chi_square_V_ts = 0.16084834828957295
|V_ud|^2 + |V_us|^2 + |V_ub|^2 = 0.9984167464056382 / chi_square_first_row_unitarity = 5.1156978450197945
gamma = 66.19347326118077 / chi_square_gamma = 0.007908774566397917
V:
[[ 9.73726531e-01+0.00000000e+00j  2.24184664e-01+1.47990684e-04j -2.70003950e-05+3.82138908e-03j]
 [-2.23865961e-01+0.00000000e+00j  9.73677972e-01-9.95386868e-06j -3.84089612e-02+1.66223984e-02j]
 [-8.57959081e-03+0.00000000e+00j  3.74370870e-02+1.70553714e-02j  9.99116531e-01-2.34572912e-05j]
 [ 4.08297106e-02+0.00000000e+00j -1.49302336e-07-6.56353783e-08j -3.84476681e-06+9.79260257e-13j]]

#################################

M_u:
[[ 0.00000000e+00+0.j  0.00000000e+00+0.j  2.82126396e-04+0.j  1.47013916e-03+0.j]
 [ 0.00000000e+00+0.j -6.17375869e-04+0.j  0.00000000e+00+0.j -1.30997822e-05+0.j]
 [-8.35752117e-08+0.j  0.00000000e+00+0.j  1.09249415e-05+0.j  0.00000000e+00+0.j]
 [ 0.00000000e+00+0.j  1.51058407e-02+0.j  0.00000000e+00+0.j  0.00000000e+00+0.j]]
M_d:
[[   0.         +0.j            0.         +0.j         4175.80044868 +0.j        ]
 [   0.         +0.j            4.67       +0.j            0.         +0.j        ]
 [  93.47548267 +0.j            0.         +0.j          162.13071725-71.25706687j]]
chi_square: 1.5895878964180927
scale_up = (115355710.28388481+0j)
scale_down = (1.000106212347012-7.057446272551181e-20j)
m_u = (2.1600819569631233+0j) MeV/ chi_square_ratio_ut = 2.797396884261894e-08
m_c = (1.269995938440562+0j) GeV/ chi_square_ratio_ct = 4.074483795223968e-08
m_t = (172.69000000000003+0j) GeV
m_VLQ = (1.7439997192857364+0j) TeV / chi_square_m_VLQ = 7.880049769924623e-10
m_d = (4.670496011660545-3.2958274092814014e-19j) MeV / chi_square_ratio_db = 1.065519004862119e-06
m_s = (93.40140757552788-1.3207401592593376e-14j) MeV/ chi_square_m_ratio_sb = 2.671624322554491e-08
m_b = (4.18+0j) GeV
V_ud = 0.9737264604951634 / chi_square_V_ud = 0.00013036518718022427
V_us = 0.22418393254785504 / chi_square_V_us = 0.021049458511596997
V_ub = 0.0038217983547606405 / chi_square_V_ub = 8.08519961279563e-05
V_cd = 0.22386514055276172 / chi_square_V_cd = 0.513064399192481
V_cs = 0.9736781991919956 / chi_square_V_cs = 0.04853214933447235
V_cb = 0.04185035473881715 / chi_square_V_cb = 0.562880141507981
V_td = 0.008579285329293319 / chi_square_V_td = 0.010727439562155666
V_ts = 0.04113792427286054 / chi_square_V_ts = 0.161850410103174
|V_ud|^2 + |V_us|^2 + |V_ub|^2 = 0.9984162616237248 / chi_square_first_row_unitarity = 5.118831111197789
gamma = 66.19285258249145 / chi_square_gamma = 0.007875356755914673
V:
[[ 9.73726460e-01+0.00000000e+00j -2.24183884e-01-1.47998252e-04j -2.68544384e-05+3.82170401e-03j]
 [ 2.23865141e-01+0.00000000e+00j  9.73678199e-01-9.95269821e-06j  3.84070376e-02-1.66238280e-02j]
 [-8.57928533e-03+0.00000000e+00j -3.74351865e-02-1.70568352e-02j  9.99116580e-01-2.34600127e-05j]
 [-4.08359502e-02+0.00000000e+00j -1.34812728e-07-5.92712821e-08j  3.47167498e-06-7.99274932e-13j]]

#################################

M_u:
[[ 0.00000000e+00+0.j  0.00000000e+00+0.j  1.31390919e-04+0.j  6.81899556e-04+0.j]
 [ 0.00000000e+00+0.j -2.90319617e-04+0.j  0.00000000e+00+0.j  6.06172714e-06+0.j]
 [-3.78148942e-08+0.j  0.00000000e+00+0.j  5.07471013e-06+0.j  0.00000000e+00+0.j]
 [ 0.00000000e+00+0.j  7.35343417e-03+0.j  0.00000000e+00+0.j  0.00000000e+00+0.j]]
M_d:
[[   0.         +0.j            0.         +0.j         4176.70368878 +0.j        ]
 [   0.         +0.j            4.67       +0.j            0.         +0.j        ]
 [  93.51332514 +0.j            0.         +0.j          162.02642579-71.25369647j]]
chi_square: 1.6798695475424572
scale_up = (248664889.37175533+0j)
scale_down = (0.9998913022557903+0j)
m_u = (2.107421119936317+0j) MeV/ chi_square_ratio_ut = 0.0408870254767607
m_c = (1.2714892820060613+0j) GeV/ chi_square_ratio_ct = 0.005478237456435281
m_t = (172.69+0j) GeV
m_VLQ = (1.8299654463627812+0j) TeV / chi_square_m_VLQ = 1.1939538450388765e-05
m_d = (4.669492381534541+0j) MeV / chi_square_ratio_db = 8.58253043619155e-06
m_s = (93.41926911145333+0j) MeV/ chi_square_m_ratio_sb = 5.006743594999209e-06
m_b = (4.18+0j) GeV
V_ud = 0.9737667784048469 / chi_square_V_ud = 0.014075453309948692
V_us = 0.22424456989415176 / chi_square_V_us = 0.004800775991167682
V_ub = 0.003821980882921753 / chi_square_V_ub = 9.809742874231962e-05
V_cd = 0.22393909767568015 / chi_square_V_cd = 0.5398934466992795
V_cs = 0.9736658691498328 / chi_square_V_cs = 0.04944180903799624
V_cb = 0.0418077401277085 / chi_square_V_cb = 0.5181327372418046
V_td = 0.008557473013171744 / chi_square_V_td = 0.045213615217265614
V_ts = 0.041099247278032595 / chi_square_V_ts = 0.19827499279541436
|V_ud|^2 + |V_us|^2 + |V_ub|^2 = 0.9985219733898368 / chi_square_first_row_unitarity = 4.45829114357227
gamma = 65.94836326279272 / chi_square_gamma = 0.00021478468208977288
V:
[[ 9.73766778e-01+0.00000000e+00j  2.24244521e-01+1.47615227e-04j  4.19356112e-05-3.82175081e-03j]
 [-2.23939098e-01+0.00000000e+00j  9.73665869e-01-9.75458201e-06j  3.83625895e-02-1.66192316e-02j]
 [ 8.55747301e-03+0.00000000e+00j -3.73947164e-02-1.70523696e-02j  9.99118364e-01-2.35764862e-05j]
 [-3.94501136e-02+0.00000000e+00j  1.17769954e-07+5.18076437e-08j -3.03530927e-06+6.37844380e-13j]]

#################################

M_u:
[[ 0.00000000e+00+0.j  0.00000000e+00+0.j  2.03898218e-03+0.j  1.06252005e-02+0.j]
 [ 0.00000000e+00+0.j  4.90099400e-03+0.j  0.00000000e+00+0.j  9.46796452e-05+0.j]
 [-6.04011141e-07+0.j  0.00000000e+00+0.j  7.89590757e-05+0.j  0.00000000e+00+0.j]
 [ 0.00000000e+00+0.j  1.19942239e-01+0.j  0.00000000e+00+0.j  0.00000000e+00+0.j]]
M_d:
[[   0.         +0.j            0.         +0.j         4175.78403931 +0.j        ]
 [   0.         +0.j            4.67       +0.j            0.         +0.j        ]
 [  93.47579044 +0.j            0.         +0.j          162.1325729 -71.25605165j]]
chi_square: 1.5895535183610805
scale_up = (15961023.205263406+0j)
scale_down = (1.000110122257067-1.871695819106216e-22j)
m_u = (2.160031663190923+0j) MeV/ chi_square_ratio_ut = 4.1753388958686694e-09
m_c = (1.270010338094519+0j) GeV/ chi_square_ratio_ct = 2.639781406098373e-07
m_t = (172.69+0j) GeV
m_VLQ = (1.9159983760847912+0j) TeV / chi_square_m_VLQ = 2.637100605165498e-08
m_d = (4.670514270940503-8.74081947522603e-22j) MeV / chi_square_ratio_db = 1.1454111254518384e-06
m_s = (93.40207836756468+1.944409059622264e-14j) MeV/ chi_square_m_ratio_sb = 5.824741894559231e-08
m_b = (4.18+0j) GeV
V_ud = 0.9737267159058968 / chi_square_V_ud = 0.0001122296990508636
V_us = 0.22418432996101847 / chi_square_V_us = 0.02090555924685535
V_ub = 0.003821764551063708 / chi_square_V_ub = 7.784101141083812e-05
V_cd = 0.22386560591798632 / chi_square_V_cd = 0.5132310798248884
V_cs = 0.9736780873610781 / chi_square_V_cs = 0.0485403618039292
V_cb = 0.04185089025314526 / chi_square_V_cb = 0.5634542470182192
V_td = 0.00857960240568598 / chi_square_V_td = 0.010401546344983522
V_ts = 0.04113840545555172 / chi_square_V_ts = 0.16142051182069464
|V_ud|^2 + |V_us|^2 + |V_ub|^2 = 0.9984169369532376 / chi_square_first_row_unitarity = 5.11446655107051
gamma = 66.1953765753433 / chi_square_gamma = 0.008011691575898506
V:
[[ 9.73726716e-01+0.00000000e+00j  2.24184281e-01+1.48001485e-04j  2.67242535e-05-3.82167111e-03j]
 [-2.23865606e-01+0.00000000e+00j  9.73678087e-01-9.95397673e-06j  3.84076961e-02-1.66236547e-02j]
 [ 8.57960241e-03+0.00000000e+00j -3.74357956e-02-1.70566589e-02j  9.99116558e-01-2.34595491e-05j]
 [ 4.08272413e-02+0.00000000e+00j -1.11493897e-07-4.90148299e-08j  2.87095693e-06-5.47619211e-13j]]

#################################

M_u:
[[ 0.00000000e+00+0.j  0.00000000e+00+0.j  8.56867834e-05+0.j  4.46000852e-04+0.j]
 [ 0.00000000e+00+0.j -2.19552141e-04+0.j  0.00000000e+00+0.j  3.97131080e-06+0.j]
 [ 2.61739049e-08+0.j  0.00000000e+00+0.j  3.31625110e-06+0.j  0.00000000e+00+0.j]
 [ 0.00000000e+00+0.j  5.26068769e-03+0.j  0.00000000e+00+0.j  0.00000000e+00+0.j]]
M_d:
[[   0.         +0.j            0.         +0.j         4175.99117573 +0.j        ]
 [   0.         +0.j            4.67       +0.j            0.         +0.j        ]
 [  93.47876212 +0.j            0.         +0.j          162.10983152-71.26684548j]]
chi_square: 1.6221350966558525
scale_up = (380228228.1177423+0j)
scale_down = (1.000060771281479+9.354429283444695e-23j)
m_u = (2.229399897010671+0j) MeV/ chi_square_ratio_ut = 0.020058572561225844
m_c = (1.2706181335201763+0j) GeV/ chi_square_ratio_ct = 0.0009437382528713394
m_t = (172.69+0j) GeV
m_VLQ = (2.0020031992092524+0j) TeV / chi_square_m_VLQ = 1.0234939841954818e-07
m_d = (4.670283801884508+4.368518475368673e-22j) MeV / chi_square_ratio_db = 3.4882530099187514e-07
m_s = (93.40046251391-9.721259006987986e-15j) MeV/ chi_square_m_ratio_sb = 2.884573242126138e-09
m_b = (4.18-4.81482486096809e-38j) GeV
V_ud = 0.9737011138712315 / chi_square_V_ud = 0.008682710044021397
V_us = 0.22414320770025964 / chi_square_V_us = 0.03841222696542344
V_ub = 0.0038214824682909474 / chi_square_V_ub = 5.494280584161151e-05
V_cd = 0.2238167132620187 / chi_square_V_cd = 0.4958671000270054
V_cs = 0.9736878937330974 / chi_square_V_cs = 0.04782285710125146
V_cb = 0.041841515294925434 / chi_square_V_cb = 0.5534459742671469
V_td = 0.00857194145764769 / chi_square_V_td = 0.019682044973409123
V_ts = 0.04113037862638727 / chi_square_V_ts = 0.16866661707575614
|V_ud|^2 + |V_us|^2 + |V_ub|^2 = 0.998348640440494 / chi_square_first_row_unitarity = 5.565282438310007
gamma = 66.13600982001857 / chi_square_gamma = 0.0051148425294027505
V:
[[ 9.73701114e-01+0.00000000e+00j  2.24143159e-01+1.47903223e-04j  3.01263015e-05-3.82136372e-03j]
 [-2.23816713e-01+0.00000000e+00j  9.73687894e-01-9.88306825e-06j  3.83966761e-02-1.66255125e-02j]
 [ 8.57194146e-03+0.00000000e+00j -3.74261804e-02-1.70584016e-02j  9.99116952e-01-2.35004982e-05j]
 [-4.16982197e-02+0.00000000e+00j  1.04124133e-07+4.57872130e-08j -2.68163175e-06+4.69317518e-13j]]

#################################

M_u:
[[ 0.00000000e+00+0.j  0.00000000e+00+0.j  1.58501303e-03+0.j  8.26042687e-03+0.j]
 [ 0.00000000e+00+0.j -4.15268889e-03+0.j  0.00000000e+00+0.j  7.36130612e-05+0.j]
 [ 4.69587163e-07+0.j  0.00000000e+00+0.j -6.13836743e-05+0.j  0.00000000e+00+0.j]
 [ 0.00000000e+00+0.j  1.01618146e-01+0.j  0.00000000e+00+0.j  0.00000000e+00+0.j]]
M_d:
[[   0.         +0.j            0.         +0.j         4175.14809114 +0.j        ]
 [   0.         +0.j            4.67       +0.j            0.         +0.j        ]
 [  93.46119764 +0.j            0.         +0.j         -162.11989805+71.23655633j]]
chi_square: 1.5895435492253445
scale_up = (20530380.607056856+0j)
scale_down = (1.0002623801928705-1.8727096364452486e-22j)
m_u = (2.1600728285842394+0j) MeV/ chi_square_ratio_ut = 2.2089511256647645e-08
m_c = (1.2699775865990277+0j) GeV/ chi_square_ratio_ct = 1.2408020141511619e-06
m_t = (172.69+0j) GeV
m_VLQ = (2.088000505334128+0j) TeV / chi_square_m_VLQ = 2.553625808479427e-09
m_d = (4.671225315500705-8.745554002199311e-22j) MeV / chi_square_ratio_db = 6.502394024577482e-06
m_s = (93.40170737671647+1.9450085712472508e-14j) MeV/ chi_square_m_ratio_sb = 3.930888116003645e-08
m_b = (4.18+0j) GeV
V_ud = 0.973726380167299 / chi_square_V_ud = 0.00013634951907848635
V_us = 0.2241850485348488 / chi_square_V_us = 0.020646623969385845
V_ub = 0.0038213124334768515 / chi_square_V_ub = 4.306204077901139e-05
V_cd = 0.2238662496787308 / chi_square_V_cd = 0.513461701301529
V_cs = 0.973677840734207 / chi_square_V_cs = 0.048558475670058526
V_cb = 0.04185296659883629 / chi_square_V_cb = 0.5656829889106436
V_td = 0.008580332391140524 / chi_square_V_td = 0.009670370956233451
V_ts = 0.04114032684090614 / chi_square_V_ts = 0.15970960663278744
|V_ud|^2 + |V_us|^2 + |V_ub|^2 = 0.9984166018489979 / chi_square_first_row_unitarity = 5.11663205019742
gamma = 66.19931189205998 / chi_square_gamma = 0.008226594006292238
V:
[[ 9.73726380e-01+0.00000000e+00j -2.24185000e-01-1.47994677e-04j  2.67417216e-05-3.82121886e-03j]
 [ 2.23866250e-01+0.00000000e+00j  9.73677841e-01-9.95861095e-06j -3.84108331e-02+1.66216339e-02j]
 [ 8.58033239e-03+0.00000000e+00j  3.74388504e-02+1.70545881e-02j  9.99116473e-01-2.34536104e-05j]
 [-4.08315650e-02+0.00000000e+00j -9.37891862e-08-4.12215701e-08j -2.41477333e-06+3.87748232e-13j]]

#################################

M_u:
[[ 0.00000000e+00+0.j  0.00000000e+00+0.j  7.11680959e+02+0.j  3.71140792e+03+0.j]
 [ 0.00000000e+00+0.j  2.02464025e+03+0.j  0.00000000e+00+0.j -3.30752796e+01+0.j]
 [ 2.23115197e-01+0.j  0.00000000e+00+0.j -2.75716354e+01+0.j  0.00000000e+00+0.j]
 [ 0.00000000e+00+0.j  4.75357296e+04+0.j  0.00000000e+00+0.j  0.00000000e+00+0.j]]
M_d:
[[   0.         +0.j           0.         +0.j        4173.39486557 +0.j       ]
 [   0.         +0.j           4.67       +0.j           0.         +0.j       ]
 [  93.42271212 +0.j           0.         +0.j        -162.05969512+71.2325525j]]
chi_square: 1.692300024363295
scale_up = (45.69523018003515+0j)
scale_down = (1.0006824070894191+0j)
m_u = (2.283417589557743+0j) MeV/ chi_square_ratio_ut = 0.06343610247909025
m_c = (1.2696447556826118+0j) GeV/ chi_square_ratio_ct = 0.00031170319044119854
m_t = (172.69+0j) GeV
m_VLQ = (2.1741254399546457+0j) TeV / chi_square_m_VLQ = 0.00015735182221573407
m_d = (4.673186841107587+0j) MeV / chi_square_ratio_db = 4.39843571436123e-05
m_s = (93.40243441923327+0j) MeV/ chi_square_m_ratio_sb = 7.991397152151474e-08
m_b = (4.18+0j) GeV
V_ud = 0.9736764880599549 / chi_square_V_ud = 0.0297973748948048
V_us = 0.2240974521956488 / chi_square_V_us = 0.06410252038670253
V_ub = 0.003821188418101146 / chi_square_V_ub = 3.530843957827329e-05
V_cd = 0.22376257969719016 / chi_square_V_cd = 0.47699041145795257
V_cs = 0.9736977768810434 / chi_square_V_cs = 0.04710514032069295
V_cb = 0.041858296075131134 / chi_square_V_cb = 0.5714237666520183
V_td = 0.00857974191755799 / chi_square_V_td = 0.010259747605682094
V_ts = 0.04114573153277136 / chi_square_V_ts = 0.15494586033645896
|V_ud|^2 + |V_us|^2 + |V_ub|^2 = 0.9982801729622751 / chi_square_first_row_unitarity = 6.03633681569297
gamma = 66.23463395224543 / chi_square_gamma = 0.010282817446776303
V:
[[ 9.73676488e-01+0.00000000e+00j  2.24097403e-01+1.48045123e-04j -2.39602229e-05+3.82111330e-03j]
 [-2.23762580e-01+0.00000000e+00j  9.73697777e-01-9.96955118e-06j -3.84138752e-02+1.66280229e-02j]
 [-8.57974192e-03+0.00000000e+00j  3.74419636e-02+1.70607908e-02j  9.99116250e-01-2.34410742e-05j]
 [ 4.25534082e-02+0.00000000e+00j -9.01182516e-08-3.96198799e-08j -2.32010149e-06+3.43433704e-13j]]

#################################

M_u:
[[ 0.00000000e+00+0.j  0.00000000e+00+0.j  2.21116575e-03+0.j  1.15228237e-02+0.j]
 [ 0.00000000e+00+0.j  6.26974080e-03+0.j  0.00000000e+00+0.j  1.02679888e-04+0.j]
 [-6.55034738e-07+0.j  0.00000000e+00+0.j  8.56282892e-05+0.j  0.00000000e+00+0.j]
 [ 0.00000000e+00+0.j  1.53428622e-01+0.j  0.00000000e+00+0.j  0.00000000e+00+0.j]]
M_d:
[[   0.         +0.j            0.         +0.j         4175.77651411 +0.j        ]
 [   0.         +0.j            4.67       +0.j            0.         +0.j        ]
 [  93.47461124 +0.j            0.         +0.j          162.13333512-71.25567462j]]
chi_square: 1.5895177785863743
scale_up = (14717682.749298977+0j)
scale_down = (1.0001119157957576-9.358620523546036e-23j)
m_u = (2.160020391552195+0j) MeV/ chi_square_ratio_ut = 1.731741013189734e-09
m_c = (1.269993942137178+0j) GeV/ chi_square_ratio_ct = 9.064123992657531e-08
m_t = (172.69+0j) GeV
m_VLQ = (2.2599983980017058+0j) TeV / chi_square_m_VLQ = 2.566398534741465e-08
m_d = (4.670522646766188-4.370475784495999e-22j) MeV / chi_square_ratio_db = 1.1830251106080322e-06
m_s = (93.40106678427948+9.72218529307924e-15j) MeV/ chi_square_m_ratio_sb = 1.5345646433373406e-08
m_b = (4.18-4.81482486096809e-38j) GeV
V_ud = 0.9737266448124795 / chi_square_V_ud = 0.00011714134544845838
V_us = 0.22418413252913366 / chi_square_V_us = 0.020976985632752503
V_ub = 0.0038217470465966422 / chi_square_V_ub = 7.630429527097761e-05
V_cd = 0.22386537556162878 / chi_square_V_cd = 0.5131485693237134
V_cs = 0.9736781218061281 / chi_square_V_cs = 0.048537832206498197
V_cb = 0.04185117982142066 / chi_square_V_cb = 0.5637648045724339
V_td = 0.008579790955174502 / chi_square_V_td = 0.010210137318974364
V_ts = 0.0411386657403657 / chi_square_V_ts = 0.16118820640181647
|V_ud|^2 + |V_us|^2 + |V_ub|^2 = 0.9984167098460969 / chi_square_first_row_unitarity = 5.115934104993039
gamma = 66.19698354304528 / chi_square_gamma = 0.00809910237279365
V:
[[ 9.73726645e-01+0.00000000e+00j  2.24184084e-01+1.48003334e-04j  2.66341146e-05-3.82165424e-03j]
 [-2.23865376e-01+0.00000000e+00j  9.73678122e-01-9.95553591e-06j  3.84080365e-02-1.66235972e-02j]
 [ 8.57979096e-03+0.00000000e+00j -3.74361089e-02-1.70565990e-02j  9.99116546e-01-2.34584133e-05j]
 [ 4.08301606e-02+0.00000000e+00j -7.99655478e-08-3.51511740e-08j  2.05892477e-06-2.82250068e-13j]]

#################################

M_u:
[[ 0.00000000e+00+0.j  0.00000000e+00+0.j -7.12308206e-05+0.j -3.71070214e-04+0.j]
 [ 0.00000000e+00+0.j -2.28432952e-04+0.j  0.00000000e+00+0.j -3.30406194e-06+0.j]
 [ 2.18557025e-08+0.j  0.00000000e+00+0.j  2.75803338e-06+0.j  0.00000000e+00+0.j]
 [ 0.00000000e+00+0.j  5.12731409e-03+0.j  0.00000000e+00+0.j  0.00000000e+00+0.j]]
M_d:
[[   0.         +0.j            0.         +0.j         4174.15325363 +0.j        ]
 [   0.         +0.j            4.67       +0.j            0.         +0.j        ]
 [  93.44015978 +0.j            0.         +0.j         -162.05218853+71.27253888j]]
chi_square: 1.8007148406788598
scale_up = (457021867.6779281+0j)
scale_down = (1.0005008293931879-7.047231357144043e-20j)
m_u = (2.236318257178824+0j) MeV/ chi_square_ratio_ut = 0.024257121317528472
m_c = (1.2701646902320995+0j) GeV/ chi_square_ratio_ct = 6.699195497727083e-05
m_t = (172.69000000000003+0j) GeV
m_VLQ = (2.345619108440971+0j) TeV / chi_square_m_VLQ = 0.0014507837973989544
m_d = (4.672338873266187-3.291057043786268e-19j) MeV / chi_square_ratio_db = 2.3691404479339935e-05
m_s = (93.40294864335401-3.267702455044906e-14j) MeV/ chi_square_m_ratio_sb = 1.1724017738674928e-07
m_b = (4.18+0j) GeV
V_ud = 0.9736118806538622 / chi_square_V_ud = 0.14518397431867233
V_us = 0.2240173679758113 / chi_square_V_us = 0.1248138454640756
V_ub = 0.003821296817434205 / chi_square_V_ub = 4.2043386441449896e-05
V_cd = 0.22366379014335516 / chi_square_V_cd = 0.4434861204897566
V_cs = 0.9737165103709496 / chi_square_V_cs = 0.0457596007744382
V_cb = 0.04184938442080799 / chi_square_V_cb = 0.5618406442012819
V_td = 0.008570274520039615 / chi_square_V_td = 0.022090103971881575
V_ts = 0.04113850141146296 / chi_square_V_ts = 0.16133485125218813
|V_ud|^2 + |V_us|^2 + |V_ub|^2 = 0.9981184776145273 / chi_square_first_row_unitarity = 7.224747932724076
gamma = 66.17551143420437 / chi_square_gamma = 0.006970298473585312
V:
[[ 9.73611881e-01+0.00000000e+00j -2.24017319e-01-1.47964487e-04j  2.68921731e-05-3.82120219e-03j]
 [ 2.23663790e-01+0.00000000e+00j  9.73716510e-01-9.89343885e-06j -3.84012937e-02+1.66346512e-02j]
 [ 8.57027452e-03+0.00000000e+00j  3.74310637e-02+1.70672718e-02j  9.99116623e-01-2.34852016e-05j]
 [-4.45080352e-02+0.00000000e+00j -8.08149405e-08-3.55502275e-08j -2.08099664e-06+2.65139189e-13j]]

#################################

M_u:
[[ 0.00000000e+00+0.j  0.00000000e+00+0.j  1.06468659e-03+0.j  5.54824426e-03+0.j]
 [ 0.00000000e+00+0.j -3.24865857e-03+0.j  0.00000000e+00+0.j  4.94407301e-05+0.j]
 [-3.15402125e-07+0.j  0.00000000e+00+0.j -4.12305593e-05+0.j  0.00000000e+00+0.j]
 [ 0.00000000e+00+0.j  7.94984246e-02+0.j  0.00000000e+00+0.j  0.00000000e+00+0.j]]
M_d:
[[   0.         +0.j            0.         +0.j         4175.49261053 +0.j        ]
 [   0.         +0.j            4.67       +0.j            0.         +0.j        ]
 [  93.46716279 +0.j            0.         +0.j         -162.12792602+71.24439726j]]
chi_square: 1.589503171493265
scale_up = (30566284.21539927+0j)
scale_down = (1.0001798903632917+9.360797923653556e-23j)
m_u = (2.1600514436138116+0j) MeV/ chi_square_ratio_ut = 1.1021616880413997e-08
m_c = (1.2700088583782776+0j) GeV/ chi_square_ratio_ct = 1.9381858219713336e-07
m_t = (172.69+0j) GeV
m_VLQ = (2.431999504116038+0j) TeV / chi_square_m_VLQ = 2.459009034453285e-09
m_d = (4.670840087996572+4.371492630346211e-22j) MeV / chi_square_ratio_db = 3.0565182033362542e-06
m_s = (93.39996945556778-9.723620648134846e-15j) MeV/ chi_square_m_ratio_sb = 7.768633808310946e-11
m_b = (4.180000000000001-4.81482486096809e-38j) GeV
V_ud = 0.9737264827086122 / chi_square_V_ud = 0.000128734013598032
V_us = 0.22418480529022974 / chi_square_V_us = 0.020734095561020925
V_ub = 0.003821415128549866 / chi_square_V_ub = 5.0064720316139194e-05
V_cd = 0.2238660384862365 / chi_square_V_cd = 0.5133860377868044
V_cs = 0.9736779433716282 / chi_square_V_cs = 0.04855093690616253
V_cb = 0.04185176845785286 / chi_square_V_cb = 0.5643963719051897
V_td = 0.008579852944775907 / chi_square_V_td = 0.010147595855065855
V_ts = 0.04113922318276941 / chi_square_V_ts = 0.1606912491988071
|V_ud|^2 + |V_us|^2 + |V_ub|^2 = 0.9984166932646881 / chi_square_first_row_unitarity = 5.116041261396161
gamma = 66.19546732339195 / chi_square_gamma = 0.008016615169182836
V:
[[ 9.73726483e-01+0.00000000e+00j -2.24184756e-01-1.47990907e-04j  2.69058285e-05-3.82132041e-03j]
 [ 2.23866038e-01+0.00000000e+00j  9.73677943e-01-9.95446434e-06j -3.84093289e-02+1.66220931e-02j]
 [ 8.57985294e-03+0.00000000e+00j  3.74374233e-02+1.70550585e-02j  9.99116523e-01-2.34567733e-05j]
 [-4.08303783e-02+0.00000000e+00j -6.90043562e-08-3.03282203e-08j -1.77658818e-06+2.10305709e-13j]]

#################################

M_u:
[[ 0.00000000e+00+0.j  0.00000000e+00+0.j  2.04150313e-02+0.j  1.05748151e-01+0.j]
 [ 0.00000000e+00+0.j  6.50777757e-02+0.j  0.00000000e+00+0.j -9.39401516e-04+0.j]
 [ 6.42347160e-06+0.j  0.00000000e+00+0.j  7.88242070e-04+0.j  0.00000000e+00+0.j]
 [ 0.00000000e+00+0.j  1.56913345e+00+0.j  0.00000000e+00+0.j  0.00000000e+00+0.j]]
M_d:
[[   0.         +0.j            0.         +0.j         4176.61149632 +0.j        ]
 [   0.         +0.j            4.67       +0.j            0.         +0.j        ]
 [  93.51587173 +0.j            0.         +0.j          162.00707378-71.29210867j]]
chi_square: 1.7472071655189259
scale_up = (1603364.5219589388+0j)
scale_down = (0.9999133564910032+0j)
m_u = (2.3072129402350345+0j) MeV/ chi_square_ratio_ut = 0.09025563904735742
m_c = (1.2733312273309056+0j) GeV/ chi_square_ratio_ct = 0.0274091463931191
m_t = (172.69+0j) GeV
m_VLQ = (2.5180557283551694+0j) TeV / chi_square_m_VLQ = 3.10564956987523e-05
m_d = (4.669595374812985+0j) MeV / chi_square_ratio_db = 5.453136322783098e-06
m_s = (93.42387213845153+0j) MeV/ chi_square_m_ratio_sb = 7.684482442190792e-06
m_b = (4.18+0j) GeV
V_ud = 0.9737110178368533 / chi_square_V_ud = 0.0037494538785281216
V_us = 0.22414598661889037 / chi_square_V_us = 0.03706268993877881
V_ub = 0.0038224666506205375 / chi_square_V_ub = 0.00015210913209495007
V_cd = 0.22382281087837222 / chi_square_V_cd = 0.49801632844103305
V_cs = 0.9736887254379887 / chi_square_V_cs = 0.04776224936049795
V_cb = 0.041802459147295114 / chi_square_V_cb = 0.512716501018184
V_td = 0.008549111084890737 / chi_square_V_td = 0.06474204202494528
V_ts = 0.041095530613133105 / chi_square_V_ts = 0.20196973445985647
|V_ud|^2 + |V_us|^2 + |V_ub|^2 = 0.9983691808255318 / chi_square_first_row_unitarity = 5.4276962853327255
gamma = 65.90441346589756 / chi_square_gamma = 1.7886759622492663e-06
V:
[[ 9.73711018e-01+0.00000000e+00j -2.24145938e-01-1.47588419e-04j -4.36957489e-05+3.82221689e-03j]
 [ 2.23822811e-01+0.00000000e+00j  9.73688725e-01-9.63771886e-06j  3.83526244e-02-1.66289443e-02j]
 [-8.54911108e-03+0.00000000e+00j -3.73862651e-02-1.70619406e-02j  9.99118583e-01-2.36696322e-05j]
 [ 4.14380957e-02+0.00000000e+00j  6.50083612e-08+2.86120991e-08j -1.67538669e-06+1.86678458e-13j]]

#################################

M_u:
[[ 0.00000000e+00+0.j  0.00000000e+00+0.j -2.75906314e-04+0.j  1.43599756e-03+0.j]
 [ 0.00000000e+00+0.j  8.92186662e-04+0.j  0.00000000e+00+0.j -1.27731571e-05+0.j]
 [-8.79999063e-08+0.j  0.00000000e+00+0.j  1.06643194e-05+0.j  0.00000000e+00+0.j]
 [ 0.00000000e+00+0.j  2.20312109e-02+0.j  0.00000000e+00+0.j  0.00000000e+00+0.j]]
M_d:
[[   0.         +0.j            0.         +0.j         4177.44316586 +0.j        ]
 [   0.         +0.j            4.67       +0.j            0.         +0.j        ]
 [  93.51050027 +0.j            0.         +0.j         -162.08983854+71.28219886j]]
chi_square: 1.7222537739338062
scale_up = (118093315.09293307+0j)
scale_down = (0.9997139182247915-9.336939886515615e-23j)
m_u = (2.3286418769882387+0j) MeV/ chi_square_ratio_ut = 0.11844404386564975
m_c = (1.2690782794700088+0j) GeV/ chi_square_ratio_ct = 0.0020983865322419335
m_t = (172.69+0j) GeV
m_VLQ = (2.6038712413086635+0j) TeV / chi_square_m_VLQ = 0.00016578800594806435
m_d = (4.668663998109777-4.360350927002792e-22j) MeV / chi_square_ratio_db = 5.945038530120608e-05
m_s = (93.39983857882007+9.714596312206813e-15j) MeV/ chi_square_m_ratio_sb = 2.1697094086963923e-09
m_b = (4.18+4.81482486096809e-38j) GeV
V_ud = 0.9737362596972703 / chi_square_V_ud = 0.0004077399575012511
V_us = 0.22420556310431838 / chi_square_V_us = 0.013934886353094264
V_ub = 0.003822112494721285 / chi_square_V_ub = 0.0001115658486864317
V_cd = 0.22389076602071306 / chi_square_V_cd = 0.5222830116568259
V_cs = 0.9736742162190636 / chi_square_V_cs = 0.048825073160944595
V_cb = 0.041823902821274676 / chi_square_V_cb = 0.5348862180684877
V_td = 0.00856387133973603 / chi_square_V_td = 0.03263200231173428
V_ts = 0.041114306019125996 / chi_square_V_ts = 0.18365413195362776
|V_ud|^2 + |V_us|^2 + |V_ub|^2 = 0.9984450465200766 / chi_square_first_row_unitarity = 4.934449642297766
gamma = 66.02323083221019 / chi_square_gamma = 0.0013944754827561305
V:
[[ 9.73736260e-01+0.00000000e+00j  2.24205514e-01+1.47734690e-04j -3.71995539e-05+3.82193146e-03j]
 [-2.23890766e-01+0.00000000e+00j  9.73674216e-01-9.88515094e-06j -3.83785362e-02+1.66230806e-02j]
 [-8.56387134e-03+0.00000000e+00j  3.74095384e-02+1.70561600e-02j  9.99117687e-01-2.34701245e-05j]
 [ 4.04633357e-02+0.00000000e+00j -5.94626339e-08-2.61539419e-08j -1.53196712e-06+1.58293651e-13j]]

#################################

M_u:
[[ 0.00000000e+00+0.j  0.00000000e+00+0.j  3.55444655e-03+0.j  1.85190902e-02+0.j]
 [ 0.00000000e+00+0.j -1.22084324e-02+0.j  0.00000000e+00+0.j  1.64976732e-04+0.j]
 [ 1.07697638e-06+0.j  0.00000000e+00+0.j  1.37626463e-04+0.j  0.00000000e+00+0.j]
 [ 0.00000000e+00+0.j  2.93498570e-01+0.j  0.00000000e+00+0.j  0.00000000e+00+0.j]]
M_d:
[[   0.         +0.j           0.         +0.j        4175.85463624 +0.j       ]
 [   0.         +0.j           4.67       +0.j           0.         +0.j       ]
 [  93.4756459  +0.j           0.         +0.j         162.13235291-71.2552536j]]
chi_square: 1.6066707647161167
scale_up = (9157470.416643701+0j)
scale_down = (1.0000932501009128+0j)
m_u = (2.209357860862879+0j) MeV/ chi_square_ratio_ut = 0.010146004035624892
m_c = (1.2700365956441548+0j) GeV/ chi_square_ratio_ct = 3.30784964154812e-06
m_t = (172.69+0j) GeV
m_VLQ = (2.6900286586772584+0j) TeV / chi_square_m_VLQ = 8.213197822352047e-06
m_d = (4.670435477971263+0j) MeV / chi_square_ratio_db = 8.213151044449398e-07
m_s = (93.40036156061275+0j) MeV/ chi_square_m_ratio_sb = 1.7627641151134386e-09
m_b = (4.18+0j) GeV
V_ud = 0.9737053938873794 / chi_square_V_ud = 0.00630032027362941
V_us = 0.22414895819837588 / chi_square_V_us = 0.03564629037165573
V_ub = 0.003821062005233163 / chi_square_V_ub = 2.81963778816339e-05
V_cd = 0.2238235625588434 / chi_square_V_cd = 0.49828159523138943
V_cs = 0.9736862771317087 / chi_square_V_cs = 0.04794077151864851
V_cb = 0.04184933002206681 / chi_square_V_cb = 0.5617823955156772
V_td = 0.00857673290304005 / chi_square_V_td = 0.013533945023591905
V_ts = 0.04113730980657264 / chi_square_V_ts = 0.16240021778812122
|V_ud|^2 + |V_us|^2 + |V_ub|^2 = 0.9983595500616417 / chi_square_first_row_unitarity = 5.4919918372649565
gamma = 66.18009479732785 / chi_square_gamma = 0.007204141000011792
V:
[[ 9.73705394e-01+0.00000000e+00j  2.24148909e-01+1.47954400e-04j  2.77094833e-05-3.82096153e-03j]
 [-2.23823563e-01+0.00000000e+00j  9.73686277e-01-9.93350420e-06j  3.84061382e-02-1.66233262e-02j]
 [ 8.57673290e-03+0.00000000e+00j -3.74348097e-02-1.70561802e-02j  9.99116626e-01-2.34636469e-05j]
 [-4.15602986e-02+0.00000000e+00j  5.73375590e-08+2.52028578e-08j -1.47625400e-06+1.42875027e-13j]]

#################################

M_u:
[[ 0.00000000e+00+0.j  0.00000000e+00+0.j -6.81202492e+01+0.j  3.54964968e+02+0.j]
 [ 0.00000000e+00+0.j -2.37318645e+02+0.j  0.00000000e+00+0.j  3.16356478e+00+0.j]
 [-2.01783233e-02+0.j  0.00000000e+00+0.j -2.63836816e+00+0.j  0.00000000e+00+0.j]
 [ 0.00000000e+00+0.j  5.80554842e+03+0.j  0.00000000e+00+0.j  0.00000000e+00+0.j]]
M_d:
[[   0.         +0.j            0.         +0.j         4175.69067953 +0.j        ]
 [   0.         +0.j            4.67       +0.j            0.         +0.j        ]
 [  93.47154232 +0.j            0.         +0.j          162.14552793-71.24810054j]]
chi_square: 1.589705203114927
scale_up = (477.7622708193376+0j)
scale_down = (1.0001323546227083+0j)
m_u = (2.1600091775516606+0j) MeV/ chi_square_ratio_ut = 3.5078098851099483e-10
m_c = (1.270255978703221+0j) GeV/ chi_square_ratio_ct = 0.00016184326740740422
m_t = (172.69+0j) GeV
m_VLQ = (2.775988435779983+0j) TeV / chi_square_m_VLQ = 1.3373118459747168e-06
m_d = (4.670618096088048+0j) MeV / chi_square_ratio_db = 1.654586275575796e-06
m_s = (93.39989787066601+0j) MeV/ chi_square_m_ratio_sb = 8.685234261391537e-10
m_b = (4.180000000000001+0j) GeV
V_ud = 0.9737259398840196 / chi_square_V_ud = 0.0001715352942191565
V_us = 0.22418483952106516 / chi_square_V_us = 0.020721774857033685
V_ub = 0.00382142703680965 / chi_square_V_ub = 5.091085140239924e-05
V_cd = 0.22386590454167196 / chi_square_V_cd = 0.5133380526234979
V_cs = 0.9736778563598961 / chi_square_V_cs = 0.0485573279185299
V_cb = 0.041853851604782256 / chi_square_V_cb = 0.5666342882153731
V_td = 0.008581049577639756 / chi_square_V_td = 0.0089779626907911
V_ts = 0.04114109607112618 / chi_square_V_ts = 0.15902719772970766
|V_ud|^2 + |V_us|^2 + |V_ub|^2 = 0.9984156515787007 / chi_square_first_row_unitarity = 5.12277534708886
gamma = 66.20709545091819 / chi_square_gamma = 0.008660019832382206
V:
[[ 9.73725940e-01+0.00000000e+00j  2.24184791e-01+1.48012590e-04j  2.62053224e-05-3.82133718e-03j]
 [-2.23865905e-01+0.00000000e+00j  9.73677856e-01-9.95329738e-06j  3.84115667e-02-1.66221671e-02j]
 [ 8.58104958e-03+0.00000000e+00j -3.74394469e-02-1.70551342e-02j  9.99116435e-01-2.34627671e-05j]
 [-4.08438043e-02+0.00000000e+00j  5.29302994e-08+2.32612035e-08j -1.36260514e-06+1.23833585e-13j]]

#################################

M_u:
[[ 0.00000000e+00+0.j  0.00000000e+00+0.j  3.69215416e-03+0.j  1.92513086e-02+0.j]
