LIST OF MAXIMALLY RESTRICTIVE PAIRS OF TEXTURE ZEROS (AFTER MINUIT):

PAIR:
M_u:
[[0 0 1 1]
 [0 1 0 1]
 [1 0 1 0]
 [0 1 0 0]]
M_d:
[[0 0 1]
 [0 1 0]
 [1 0 2]]

#################################

M_u:
[[ 0.00000000e+00+0.j  0.00000000e+00+0.j  2.77068240e-02+0.j  1.44393733e-01+0.j]
 [ 0.00000000e+00+0.j -4.86713419e-02+0.j  0.00000000e+00+0.j  1.28673540e-03+0.j]
 [ 8.21001616e-06+0.j  0.00000000e+00+0.j  1.07297983e-03+0.j  0.00000000e+00+0.j]
 [ 0.00000000e+00+0.j  1.19100940e+00+0.j  0.00000000e+00+0.j  0.00000000e+00+0.j]]
M_d:
[[0.        +0.j         0.        +0.j         0.20253265+0.j        ]
 [0.        +0.j         0.00022649+0.j         0.        +0.j        ]
 [0.00453464+0.j         0.        +0.j         0.00786318-0.00345623j]]
chi_square: 1.589704281015674
m_u = (2.160503266310554+0j) MeV/ chi_square_ratio_ut = 1.0548193545955037e-06
m_c = (1.2699554988523547+0j) GeV/ chi_square_ratio_ct = 4.891357332451901e-06
m_t = (172.69+0j) GeV
m_VLQ = (1.400001122166345+0j) TeV / chi_square_m_VLQ = 1.2592573061397054e-08
m_d = (4.670305425255871+2.6094620652043524e-19j) MeV / chi_square_ratio_db = 4.04005540027804e-07
m_s = (93.42073845637583+1.045518802194355e-14j) MeV/ chi_square_m_ratio_sb = 5.799423557642745e-06
m_b = (4.18+0j) GeV
V_ud = 0.9737259618061741 / chi_square_V_ud = 0.00016968792274095555
V_us = 0.224186856709896 / chi_square_V_us = 0.020002193899311477
V_ub = 0.0038220136235472303 / chi_square_V_ub = 0.00010136699474900545
V_cd = 0.2238680783498714 / chi_square_V_cd = 0.5141170888125679
V_cs = 0.9736775809480867 / chi_square_V_cs = 0.048577559690648336
V_cb = 0.04184921154187729 / chi_square_V_cb = 0.5616555406165893
V_td = 0.00857997150799487 / chi_square_V_td = 0.010028512299988314
V_ts = 0.04113662163826316 / chi_square_V_ts = 0.16301707873894977
|V_ud|^2 + |V_us|^2 + |V_ub|^2 = 0.9984166032049607 / chi_square_first_row_unitarity = 5.1166232868176245
gamma = 66.20653772162835 / chi_square_gamma = 0.008628592725536899
V:
[[ 9.73725962e-01+0.00000000e+00j  2.24186808e-01+1.48016892e-04j  2.58241970e-05-3.82192638e-03j]
 [-2.23868078e-01+0.00000000e+00j  9.73677581e-01-9.95972405e-06j  3.84054713e-02-1.66245685e-02j]
 [ 8.57997151e-03+0.00000000e+00j -3.74334035e-02-1.70576066e-02j  9.99116627e-01-2.34577780e-05j]
 [-4.08315918e-02+0.00000000e+00j  2.10297034e-07+9.24850491e-08j -5.41684962e-06+1.93506431e-12j]]

#################################

M_u:
[[ 0.00000000e+00+0.j  0.00000000e+00+0.j  1.16284344e-04+0.j  6.05970677e-04+0.j]
 [ 0.00000000e+00+0.j -2.16793150e-04+0.j  0.00000000e+00+0.j  5.39995011e-06+0.j]
 [-3.44487295e-08+0.j  0.00000000e+00+0.j -4.50322868e-06+0.j  0.00000000e+00+0.j]
 [ 0.00000000e+00+0.j  5.30490874e-03+0.j  0.00000000e+00+0.j  0.00000000e+00+0.j]]
M_d:
[[ 0.        +0.j          0.        +0.j          0.93685323+0.j        ]
 [ 0.        +0.j         -0.00104761+0.j          0.        +0.j        ]
 [ 0.020971  +0.j          0.        +0.j         -0.03637553+0.01598621j]]
chi_square: 1.589638483314662
m_u = (2.1601225753810755+0j) MeV/ chi_square_ratio_ut = 6.257327358563139e-08
m_c = (1.2700342136478242+0j) GeV/ chi_square_ratio_ct = 2.8912505596604977e-06
m_t = (172.69+0j) GeV
m_VLQ = (1.4858903249492403+0j) TeV / chi_square_m_VLQ = 0.00012028616759140143
m_d = (4.6699599651786+1.9564068817151293e-19j) MeV / chi_square_ratio_db = 5.338464010894378e-08
m_s = (93.39915521882172-3.6926098488428956e-15j) MeV/ chi_square_m_ratio_sb = 5.942497334016792e-08
m_b = (4.18+0j) GeV
V_ud = 0.9737260066186044 / chi_square_V_ud = 0.00016594271561309483
V_us = 0.2241865122546428 / chi_square_V_us = 0.02012416929102807
V_ub = 0.0038217130680985503 / chi_square_V_ub = 7.336505775676091e-05
V_cd = 0.22386772449669398 / chi_square_V_cd = 0.5139902368086712
V_cs = 0.9736775728532175 / chi_square_V_cs = 0.04857815440408695
V_cb = 0.04185125229451789 / chi_square_V_cb = 0.5638425442495498
V_td = 0.00857989763385856 / chi_square_V_td = 0.010102628112112187
V_ts = 0.0411386904481401 / chi_square_V_ts = 0.1611661632903745
|V_ud|^2 + |V_us|^2 + |V_ub|^2 = 0.9984165337330905 / chi_square_first_row_unitarity = 5.117072282531421
gamma = 66.1987256888708 / chi_square_gamma = 0.00819440194594375
V:
[[ 9.73726007e-01+0.00000000e+00j -2.24186463e-01-1.48004353e-04j  2.65534397e-05-3.82162082e-03j]
 [ 2.23867724e-01+0.00000000e+00j  9.73677573e-01-9.95544925e-06j -3.84082586e-02+1.66232665e-02j]
 [ 8.57989763e-03+0.00000000e+00j  3.74362863e-02+1.70562693e-02j  9.99116543e-01-2.34590825e-05j]
 [-4.08324787e-02+0.00000000e+00j -1.86392680e-07-8.19544623e-08j -4.80044856e-06+1.52243516e-12j]]

#################################

M_u:
[[ 0.00000000e+00+0.j  0.00000000e+00+0.j  9.03381920e-05+0.j  4.70745322e-04+0.j]
 [ 0.00000000e+00+0.j  1.78165674e-04+0.j  0.00000000e+00+0.j -4.19500380e-06+0.j]
 [ 2.67624761e-08+0.j  0.00000000e+00+0.j  3.49853175e-06+0.j  0.00000000e+00+0.j]
 [ 0.00000000e+00+0.j  4.35990615e-03+0.j  0.00000000e+00+0.j  0.00000000e+00+0.j]]
M_d:
[[0.        +0.j         0.        +0.j         5.07213289+0.j        ]
 [0.        +0.j         0.00567182+0.j         0.        +0.j        ]
 [0.1135369 +0.j         0.        +0.j         0.19694376-0.08654243j]]
chi_square: 1.589637294841964
m_u = (2.160200452102977+0j) MeV/ chi_square_ratio_ut = 1.673414800065082e-07
m_c = (1.2701106066380923+0j) GeV/ chi_square_ratio_ct = 3.0216861404800222e-05
m_t = (172.69+0j) GeV
m_VLQ = (1.5719943505731229+0j) TeV / chi_square_m_VLQ = 3.191602403368101e-07
m_d = (4.670008969241973+0j) MeV / chi_square_ratio_db = 3.4840863410798684e-10
m_s = (93.39891147199037+0j) MeV/ chi_square_m_ratio_sb = 9.86642353403045e-08
m_b = (4.18+0j) GeV
V_ud = 0.97372646843705 / chi_square_V_ud = 0.00012978082070311036
V_us = 0.22418484619038578 / chi_square_V_us = 0.020719374794792255
V_ub = 0.003821373380444883 / chi_square_V_ub = 4.7154346159667977e-05
V_cd = 0.22386606551594618 / chi_square_V_cd = 0.5133957213559885
V_cs = 0.9736779385533125 / chi_square_V_cs = 0.04855129080048095
V_cb = 0.04185172876894062 / chi_square_V_cb = 0.564353777253745
V_td = 0.008580060210975678 / chi_square_V_td = 0.009939879658361446
V_ts = 0.041139114222656904 / chi_square_V_ts = 0.16078832628213832
|V_ud|^2 + |V_us|^2 + |V_ub|^2 = 0.998416683490809 / chi_square_first_row_unitarity = 5.116104425054437
gamma = 66.20033707552612 / chi_square_gamma = 0.008283044897665735
V:
[[ 9.73726468e-01+0.00000000e+00j -2.24184797e-01-1.47995161e-04j -2.65965241e-05+3.82128082e-03j]
 [ 2.23866066e-01+0.00000000e+00j  9.73677939e-01-9.95270836e-06j  3.84093610e-02-1.66219188e-02j]
 [-8.58006021e-03+0.00000000e+00j -3.74373850e-02-1.70548797e-02j  9.99116524e-01-2.34594421e-05j]
 [ 4.08305270e-02+0.00000000e+00j  1.66298978e-07+7.31075180e-08j -4.28259095e-06+1.21350709e-12j]]

#################################

M_u:
[[ 0.00000000e+00+0.j  0.00000000e+00+0.j  1.03803549e-03+0.j  5.40895839e-03+0.j]
 [ 0.00000000e+00+0.j -2.15811822e-03+0.j  0.00000000e+00+0.j  4.81953401e-05+0.j]
 [ 3.07522000e-07+0.j  0.00000000e+00+0.j  4.01952634e-05+0.j  0.00000000e+00+0.j]
 [ 0.00000000e+00+0.j  5.28368679e-02+0.j  0.00000000e+00+0.j  0.00000000e+00+0.j]]
M_d:
[[  0.        +0.j           0.        +0.j         274.24009319+0.j        ]
 [  0.        +0.j           0.30668167+0.j           0.        +0.j        ]
 [  6.13875353+0.j           0.        +0.j          10.64835353-4.67841889j]]
chi_square: 1.5896399524381517
m_u = (2.1602931246715547+0j) MeV/ chi_square_ratio_ut = 3.578385445927526e-07
m_c = (1.269994686540175+0j) GeV/ chi_square_ratio_ct = 6.973354936579483e-08
m_t = (172.69+0j) GeV
m_VLQ = (1.657992133495353+0j) TeV / chi_square_m_VLQ = 6.188189536238242e-07
m_d = (4.670277912295891+0j) MeV / chi_square_ratio_db = 3.3449755821369764e-07
m_s = (93.39952818786875+0j) MeV/ chi_square_m_ratio_sb = 1.853611621684364e-08
m_b = (4.18+0j) GeV
V_ud = 0.9737275779799176 / chi_square_V_ud = 6.104246908909801e-05
V_us = 0.22418342251183043 / chi_square_V_us = 0.02123486054363362
V_ub = 0.0038207386945155767 / chi_square_V_ub = 1.3641739683576908e-05
V_cd = 0.22386485272449314 / chi_square_V_cd = 0.5129613208147329
V_cs = 0.9736783116647342 / chi_square_V_cs = 0.04852389043271357
V_cb = 0.04185050713897949 / chi_square_V_cb = 0.5630434944116667
V_td = 0.008578988284127675 / chi_square_V_td = 0.011037305097482396
V_ts = 0.041138041618298954 / chi_square_V_ts = 0.16174551862177994
|V_ud|^2 + |V_us|^2 + |V_ub|^2 = 0.9984182010919261 / chi_square_first_row_unitarity = 5.10630160323196
gamma = 66.18808893800374 / chi_square_gamma = 0.007621233810846838
V:
[[ 9.73727578e-01+0.00000000e+00j  2.24183374e-01+1.47952669e-04j  2.76275560e-05-3.82063881e-03j]
 [-2.23864853e-01+0.00000000e+00j  9.73678312e-01-9.94807715e-06j  3.84091913e-02-1.66192350e-02j]
 [ 8.57898828e-03+0.00000000e+00j -3.74374633e-02-1.70521205e-02j  9.99116578e-01-2.34542253e-05j]
 [-4.08109367e-02+0.00000000e+00j  1.49226291e-07+6.55886698e-08j -3.84276338e-06+9.78628082e-13j]]

#################################

M_u:
[[ 0.00000000e+00+0.j  0.00000000e+00+0.j  1.44552531e-04+0.j  7.53245359e-04+0.j]
 [ 0.00000000e+00+0.j -3.16232584e-04+0.j  0.00000000e+00+0.j -6.71287065e-06+0.j]
 [-4.28307088e-08+0.j  0.00000000e+00+0.j  5.59842037e-06+0.j  0.00000000e+00+0.j]
 [ 0.00000000e+00+0.j  7.73964867e-03+0.j  0.00000000e+00+0.j  0.00000000e+00+0.j]]
M_d:
[[ 0.        +0.j          0.        +0.j         35.2483476 +0.j        ]
 [ 0.        +0.j          0.03941709+0.j          0.        +0.j        ]
 [-0.7889837 +0.j          0.        +0.j          1.36867712-0.60138466j]]
chi_square: 1.589695449748075
m_u = (2.1605924579639533+0j) MeV/ chi_square_ratio_ut = 1.4618319693548773e-06
m_c = (1.2701953363348961+0j) GeV/ chi_square_ratio_ct = 9.424385404486595e-05
m_t = (172.69+0j) GeV
m_VLQ = (1.7439916185063273+0j) TeV / chi_square_m_VLQ = 7.024943617818266e-07
m_d = (4.670158849436068-2.8231478097240487e-19j) MeV / chi_square_ratio_db = 1.0928203723072076e-07
m_s = (93.39521830899007-1.1314793772342934e-14j) MeV/ chi_square_m_ratio_sb = 1.9038974614307301e-06
m_b = (4.18-4.930380657631324e-35j) GeV
V_ud = 0.9737266732712002 / chi_square_V_ud = 0.0001151625859230905
V_us = 0.22418495914404535 / chi_square_V_us = 0.020678747716841882
V_ub = 0.0038211538369458185 / chi_square_V_ub = 3.3283492438392404e-05
V_cd = 0.2238662084894716 / chi_square_V_cd = 0.513446944069946
V_cs = 0.9736778971624026 / chi_square_V_cs = 0.04855433092175064
V_cb = 0.041852209164668884 / chi_square_V_cb = 0.564869452149584
V_td = 0.008580595186209366 / chi_square_V_td = 0.009413669956229954
V_ts = 0.04113947813595801 / chi_square_V_ts = 0.16046421537322653
|V_ud|^2 + |V_us|^2 + |V_ub|^2 = 0.9984171313628617 / chi_square_first_row_unitarity = 5.113210453951152
gamma = 66.20642765559502 / chi_square_gamma = 0.008622397439252309
V:
[[ 9.73726673e-01+0.00000000e+00j -2.24184910e-01-1.47995388e-04j -2.63026145e-05+3.82106331e-03j]
 [ 2.23866208e-01+0.00000000e+00j  9.73677897e-01-9.95233557e-06j  3.84102970e-02-1.66209657e-02j]
 [-8.58059519e-03+0.00000000e+00j -3.74382303e-02-1.70539020e-02j  9.99116505e-01-2.34598697e-05j]
 [-4.08247456e-02+0.00000000e+00j -1.34808814e-07-5.92543758e-08j  3.47128136e-06-7.99174881e-13j]]

#################################

M_u:
[[ 0.00000000e+00+0.j  0.00000000e+00+0.j -9.17986559e-02+0.j  4.78391431e-01+0.j]
 [ 0.00000000e+00+0.j -2.10806216e-01+0.j  0.00000000e+00+0.j -4.26303344e-03+0.j]
 [-2.71945024e-05+0.j  0.00000000e+00+0.j  3.55499349e-03+0.j  0.00000000e+00+0.j]
 [ 0.00000000e+00+0.j  5.15791042e+00+0.j  0.00000000e+00+0.j  0.00000000e+00+0.j]]
M_d:
[[ 0.        +0.j          0.        +0.j          1.82754793+0.j        ]
 [ 0.        +0.j          0.00204363+0.j          0.        +0.j        ]
 [ 0.0409094 +0.j          0.        +0.j         -0.07096222+0.03118299j]]
chi_square: 1.589559578382384
m_u = (2.159998614312232+0j) MeV/ chi_square_ratio_ut = 2.8398383570080697e-11
m_c = (1.2699876641590855+0j) GeV/ chi_square_ratio_ct = 3.758585971511634e-07
m_t = (172.69+0j) GeV
m_VLQ = (1.830001786419116+0j) TeV / chi_square_m_VLQ = 3.191293259533177e-08
m_d = (4.670030524409949+2.0565748264424634e-19j) MeV / chi_square_ratio_db = 4.03526427862272e-09
m_s = (93.40061313221172-3.881181696064751e-15j) MeV/ chi_square_m_ratio_sb = 5.06920949167135e-09
m_b = (4.18-2.465190328815662e-35j) GeV
V_ud = 0.9737261420158854 / chi_square_V_ud = 0.00015488076408588493
V_us = 0.22418524442925017 / chi_square_V_us = 0.02057631409081147
V_ub = 0.0038214759113774127 / chi_square_V_ub = 5.445785984940543e-05
V_cd = 0.22386641827919163 / chi_square_V_cd = 0.5135221094552418
V_cs = 0.9736778070718148 / chi_square_V_cs = 0.04856094831507761
V_cb = 0.04185260907257717 / chi_square_V_cb = 0.5652989079958005
V_td = 0.008579930601091726 / chi_square_V_td = 0.010069519313485504
V_ts = 0.041140055605942645 / chi_square_V_ts = 0.15995057631273826
|V_ud|^2 + |V_us|^2 + |V_ub|^2 = 0.998416227143084 / chi_square_first_row_unitarity = 5.119054004701911
gamma = 66.19464373344938 / chi_square_gamma = 0.007971986194764672
V:
[[ 9.73726142e-01+0.00000000e+00j  2.24185196e-01+1.47994963e-04j -2.69716851e-05+3.82138073e-03j]
 [-2.23866418e-01+0.00000000e+00j  9.73677807e-01-9.95627129e-06j -3.84101460e-02+1.66223214e-02j]
 [-8.57993060e-03+0.00000000e+00j  3.74382305e-02+1.70552945e-02j  9.99116487e-01-2.34559866e-05j]
 [-4.08364045e-02+0.00000000e+00j  1.22351620e-07+5.37820363e-08j  3.15043954e-06-6.58618657e-13j]]

#################################

M_u:
[[ 0.00000000e+00+0.j  0.00000000e+00+0.j  1.20461030e-02+0.j  6.27767692e-02+0.j]
 [ 0.00000000e+00+0.j -2.89770803e-02+0.j  0.00000000e+00+0.j  5.59479510e-04+0.j]
 [-3.57140651e-06+0.j  0.00000000e+00+0.j  4.66552967e-04+0.j  0.00000000e+00+0.j]
 [ 0.00000000e+00+0.j  7.08648890e-01+0.j  0.00000000e+00+0.j  0.00000000e+00+0.j]]
M_d:
[[ 0.        +0.j          0.        +0.j          1.08176502+0.j        ]
 [ 0.        +0.j          0.00120971+0.j          0.        +0.j        ]
 [-0.0242161 +0.j          0.        +0.j          0.04200787-0.01845958j]]
chi_square: 1.5896736653800616
m_u = (2.1616862521493556+0j) MeV/ chi_square_ratio_ut = 1.1842064014837035e-05
m_c = (1.270124664560564+0j) GeV/ chi_square_ratio_ct = 3.8386011535058995e-05
m_t = (172.69+0j) GeV
m_VLQ = (1.915992489252462+0j) TeV / chi_square_m_VLQ = 5.641132857879481e-07
m_d = (4.670202171949838+5.847155326310629e-19j) MeV / chi_square_ratio_db = 1.770187326189522e-07
m_s = (93.40420051511254+4.073227263393482e-14j) MeV/ chi_square_m_ratio_sb = 2.3792335570009433e-07
m_b = (4.18+0j) GeV
V_ud = 0.9737256043940218 / chi_square_V_ud = 0.00020105465052662816
V_us = 0.22418409674823286 / chi_square_V_us = 0.02098994339093123
V_ub = 0.0038218043472560115 / chi_square_V_ub = 8.139172550690461e-05
V_cd = 0.22386505467746065 / chi_square_V_cd = 0.5130336440524463
V_cs = 0.973677914294546 / chi_square_V_cs = 0.048553072571272345
V_cb = 0.04185643487136613 / chi_square_V_cb = 0.5694156313461047
V_td = 0.008580920603782332 / chi_square_V_td = 0.00910058400076912
V_ts = 0.04114377223855834 / chi_square_V_ts = 0.15666446669350184
|V_ud|^2 + |V_us|^2 + |V_ub|^2 = 0.9984146680757927 / chi_square_first_row_unitarity = 5.129137367164871
gamma = 66.19841729581657 / chi_square_gamma = 0.008177491500685955
V:
[[ 9.73725604e-01+0.00000000e+00j  2.24184048e-01+1.48025449e-04j  2.67213936e-05-3.82171093e-03j]
 [-2.23865055e-01+0.00000000e+00j  9.73677914e-01-9.95858396e-06j  3.84136532e-02-1.66238500e-02j]
 [ 8.58092060e-03+0.00000000e+00j -3.74416024e-02-1.70568580e-02j  9.99116326e-01-2.34603858e-05j]
 [-4.08564858e-02+0.00000000e+00j  1.11608657e-07+4.90584702e-08j -2.87347885e-06+5.48121822e-13j]]

#################################

M_u:
[[ 0.00000000e+00+0.j  0.00000000e+00+0.j  9.26530298e-03+0.j  4.82799036e-02+0.j]
 [ 0.00000000e+00+0.j  2.32751085e-02+0.j  0.00000000e+00+0.j -4.30194012e-04+0.j]
 [-2.74471858e-06+0.j  0.00000000e+00+0.j -3.58776174e-04+0.j  0.00000000e+00+0.j]
 [ 0.00000000e+00+0.j  5.69468564e-01+0.j  0.00000000e+00+0.j  0.00000000e+00+0.j]]
M_d:
[[ 0.        +0.j          0.        +0.j          0.35709171+0.j        ]
 [ 0.        +0.j          0.00039934+0.j          0.        +0.j        ]
 [ 0.00799489+0.j          0.        +0.j         -0.01386423+0.00609319j]]
chi_square: 1.5895698681313168
m_u = (2.1601567169395253+0j) MeV/ chi_square_ratio_ut = 1.0228554315109463e-07
m_c = (1.269984680471585+0j) GeV/ chi_square_ratio_ct = 5.796659114476734e-07
m_t = (172.69+0j) GeV
m_VLQ = (2.001995343971333+0j) TeV / chi_square_m_VLQ = 2.1678602943582002e-07
m_d = (4.670387975712056+3.3533320651946357e-19j) MeV / chi_square_ratio_db = 6.519082925650046e-07
m_s = (93.41752065323155+2.3357263564144497e-14j) MeV/ chi_square_m_ratio_sb = 4.13935393025216e-06
m_b = (4.18-4.930380657631324e-35j) GeV
V_ud = 0.9737259767259463 / chi_square_V_ud = 0.0001684363591163524
V_us = 0.22418576016948577 / chi_square_V_us = 0.02039177949362461
V_ub = 0.0038216290691116626 / chi_square_V_ub = 6.634665426432336e-05
V_cd = 0.22386695631465584 / chi_square_V_cd = 0.5137149068840597
V_cs = 0.9736778274729497 / chi_square_V_cs = 0.04855944975795657
V_cb = 0.04184919490534317 / chi_square_V_cb = 0.5616377292847208
V_td = 0.008579156151930343 / chi_square_V_td = 0.010861650058774075
V_ts = 0.04113676269339146 / chi_square_V_ts = 0.1628905443360817
|V_ud|^2 + |V_us|^2 + |V_ub|^2 = 0.9984161376624101 / chi_square_first_row_unitarity = 5.119632458032076
gamma = 66.19291873918756 / chi_square_gamma = 0.007878915313794983
V:
[[ 9.73725977e-01+0.00000000e+00j  2.24185711e-01+1.47987792e-04j -2.68906162e-05+3.82153446e-03j]
 [-2.23866956e-01+0.00000000e+00j  9.73677827e-01-9.95162342e-06j -3.84061549e-02+1.66229474e-02j]
 [-8.57915615e-03+0.00000000e+00j  3.74343183e-02+1.70559390e-02j  9.99116630e-01-2.34589918e-05j]
 [ 4.08375584e-02+0.00000000e+00j -1.02069882e-07-4.48705548e-08j -2.62832437e-06+4.59184911e-13j]]

#################################

M_u:
[[ 0.00000000e+00+0.j  0.00000000e+00+0.j  4.89495523e-04+0.j  2.55075344e-03+0.j]
 [ 0.00000000e+00+0.j -1.28254050e-03+0.j  0.00000000e+00+0.j -2.27291168e-05+0.j]
 [-1.45036792e-07+0.j  0.00000000e+00+0.j -1.89552674e-05+0.j  0.00000000e+00+0.j]
 [ 0.00000000e+00+0.j  3.13788623e-02+0.j  0.00000000e+00+0.j  0.00000000e+00+0.j]]
M_d:
[[ 0.        +0.j          0.        +0.j          2.54097287+0.j        ]
 [ 0.        +0.j          0.00284156+0.j          0.        +0.j        ]
 [ 0.05687898+0.j          0.        +0.j         -0.09865876+0.04335857j]]
chi_square: 1.5895372520695612
m_u = (2.160546307621005+0j) MeV/ chi_square_ratio_ut = 1.2429592477265494e-06
m_c = (1.269999605278934+0j) GeV/ chi_square_ratio_ct = 3.8482881025405273e-10
m_t = (172.69+0j) GeV
m_VLQ = (2.0879923068224824+0j) TeV / chi_square_m_VLQ = 5.918498031582131e-07
m_d = (4.670284204745057-4.238617414706844e-19j) MeV / chi_square_ratio_db = 3.4981632819088683e-07
m_s = (93.40005990615288-2.952927582953024e-14j) MeV/ chi_square_m_ratio_sb = 4.8392140709933126e-11
m_b = (4.18+4.930380657631324e-35j) GeV
V_ud = 0.973726057652703 / chi_square_V_ud = 0.00016172843090273708
V_us = 0.22418521264931499 / chi_square_V_us = 0.02058771230825681
V_ub = 0.0038217032551357377 / chi_square_V_ub = 7.252695143541769e-05
V_cd = 0.22386638706955808 / chi_square_V_cd = 0.5135109270331096
V_cs = 0.9736778787173046 / chi_square_V_cs = 0.048555685726557433
V_cb = 0.04185099786925629 / chi_square_V_cb = 0.5635696536639089
V_td = 0.008579500578822277 / chi_square_V_td = 0.010505656715542076
V_ts = 0.041138533561422615 / chi_square_V_ts = 0.16130615582446944
|V_ud|^2 + |V_us|^2 + |V_ub|^2 = 0.9984160503382641 / chi_square_first_row_unitarity = 5.120197001863931
gamma = 66.1927142284635 / chi_square_gamma = 0.007867917313588556
V:
[[ 9.73726058e-01+0.00000000e+00j  2.24185164e-01+1.47996523e-04j -2.69397320e-05+3.82160830e-03j]
 [-2.23866387e-01+0.00000000e+00j  9.73677879e-01-9.95345362e-06j -3.84079616e-02+1.66233122e-02j]
 [-8.57950058e-03+0.00000000e+00j  3.74360948e-02+1.70563111e-02j  9.99116554e-01-2.34590804e-05j]
 [-4.08386770e-02+0.00000000e+00j  9.37910003e-08+4.12292681e-08j  2.41498049e-06-3.87875919e-13j]]

#################################

M_u:
[[ 0.00000000e+00+0.j  0.00000000e+00+0.j  2.92033446e-04+0.j  1.52275513e-03+0.j]
 [ 0.00000000e+00+0.j -7.96890814e-04+0.j  0.00000000e+00+0.j -1.35729663e-05+0.j]
 [-8.66318256e-08+0.j  0.00000000e+00+0.j  1.13121782e-05+0.j  0.00000000e+00+0.j]
 [ 0.00000000e+00+0.j  1.95039973e-02+0.j  0.00000000e+00+0.j  0.00000000e+00+0.j]]
M_d:
[[0.        +0.j        0.        +0.j        0.17985407+0.j       ]
 [0.        +0.j        0.00020115+0.j        0.        +0.j       ]
 [0.00402577+0.j        0.        +0.j        0.00698393-0.0030686j]]
chi_square: 1.590147882459673
m_u = (2.1617732322290157+0j) MeV/ chi_square_ratio_ut = 1.309524427934198e-05
m_c = (1.269632306021317+0j) GeV/ chi_square_ratio_ct = 0.0003339335115420313
m_t = (172.69+0j) GeV
m_VLQ = (2.174018934708769+0j) TeV / chi_square_m_VLQ = 3.5852319616561623e-06
m_d = (4.670677402106848-3.300890418758792e-19j) MeV / chi_square_ratio_db = 1.987332403858702e-06
m_s = (93.39501740231233-3.2788027293595955e-14j) MeV/ chi_square_m_ratio_sb = 2.067246100592313e-06
m_b = (4.18+4.930380657631324e-35j) GeV
V_ud = 0.9737268101595346 / chi_square_V_ud = 0.00010588014770988918
V_us = 0.22418452842133268 / chi_square_V_us = 0.020833883562377774
V_ub = 0.0038211914233943897 / chi_square_V_ub = 3.548724261747326e-05
V_cd = 0.22386571668154986 / chi_square_V_cd = 0.5132707561820722
V_cs = 0.9736778737018433 / chi_square_V_cs = 0.0485560541188165
V_cb = 0.04185543712697001 / chi_square_V_cb = 0.5683405760136273
V_td = 0.008582489051647673 / chi_square_V_td = 0.0076658328049468705
V_ts = 0.04114238051877546 / chi_square_V_ts = 0.15789097944606317
|V_ud|^2 + |V_us|^2 + |V_ub|^2 = 0.9984172051108517 / chi_square_first_row_unitarity = 5.112734002273128
gamma = 66.22484722222414 / chi_square_gamma = 0.009690148557092495
V:
[[ 9.73726810e-01+0.00000000e+00j -2.24184480e-01-1.48022319e-04j -2.51786489e-05+3.82110847e-03j]
 [ 2.23865717e-01+0.00000000e+00j  9.73677874e-01-9.98466489e-06j  3.84137127e-02-1.66212002e-02j]
 [-8.58248905e-03+0.00000000e+00j -3.74413110e-02-1.70541404e-02j  9.99116370e-01-2.34343223e-05j]
 [-4.08237793e-02+0.00000000e+00j -8.64777888e-08-3.80050583e-08j  2.22640725e-06-3.29496499e-13j]]

#################################

M_u:
[[ 0.00000000e+00+0.j  0.00000000e+00+0.j  3.01065227e-01+0.j -1.56912587e+00+0.j]
 [ 0.00000000e+00+0.j -8.53972189e-01+0.j  0.00000000e+00+0.j -1.39826869e-02+0.j]
 [ 8.92085124e-05+0.j  0.00000000e+00+0.j  1.16590373e-02+0.j  0.00000000e+00+0.j]
 [ 0.00000000e+00+0.j  2.08931746e+01+0.j  0.00000000e+00+0.j  0.00000000e+00+0.j]]
M_d:
[[ 0.        +0.j          0.        +0.j         16.9101665 +0.j        ]
 [ 0.        +0.j          0.01890984+0.j          0.        +0.j        ]
 [ 0.37853553+0.j          0.        +0.j          0.65662452-0.28853573j]]
chi_square: 1.5895772953534004
m_u = (2.160255378843687+0j) MeV/ chi_square_ratio_ut = 2.716140331653445e-07
m_c = (1.2698500764603364+0j) GeV/ chi_square_ratio_ct = 5.551708093218408e-05
m_t = (172.69+0j) GeV
m_VLQ = (2.2600059973287827+0j) TeV / chi_square_m_VLQ = 3.5967952524852775e-07
m_d = (4.670095161687271-3.0666302499639807e-19j) MeV / chi_square_ratio_db = 3.9219467720096387e-08
m_s = (93.40155321534986-1.2289973218183865e-14j) MeV/ chi_square_m_ratio_sb = 3.2530843264088675e-08
m_b = (4.18+0j) GeV
V_ud = 0.973726274895482 / chi_square_V_ud = 0.00014439545962252517
V_us = 0.22418418343331167 / chi_square_V_us = 0.02095855799917415
V_ub = 0.0038214831056032775 / chi_square_V_ub = 5.4990055761825306e-05
V_cd = 0.2238653314057037 / chi_square_V_cd = 0.5131327540319932
V_cs = 0.9736780006821203 / chi_square_V_cs = 0.04854672767984314
V_cb = 0.041853791768777356 / chi_square_V_cb = 0.5665699448688273
V_td = 0.0085799942132801 / chi_square_V_td = 0.010005787557052498
V_ts = 0.041141255276283095 / chi_square_V_ts = 0.15888614419101227
|V_ud|^2 + |V_us|^2 + |V_ub|^2 = 0.9984160102566191 / chi_square_first_row_unitarity = 5.120456137012151
gamma = 66.19183192762132 / chi_square_gamma = 0.007820557757499862
V:
[[ 9.73726275e-01+0.00000000e+00j  2.24184135e-01+1.47995049e-04j  2.71953399e-05-3.82138634e-03j]
 [-2.23865331e-01+0.00000000e+00j  9.73678001e-01-9.96135719e-06j  3.84113883e-02-1.66224286e-02j]
 [ 8.57999421e-03+0.00000000e+00j -3.74395007e-02-1.70554002e-02j  9.99116438e-01-2.34508898e-05j]
 [-4.08391806e-02+0.00000000e+00j  7.99909127e-08+3.51570894e-08j -2.05941580e-06+2.82227815e-13j]]

#################################

M_u:
[[ 0.00000000e+00+0.j  0.00000000e+00+0.j  1.79325821e-02+0.j -9.37294084e-02+0.j]
 [ 0.00000000e+00+0.j -5.43014366e-02+0.j  0.00000000e+00+0.j  8.34927215e-04+0.j]
 [-6.35244699e-06+0.j  0.00000000e+00+0.j  6.94338448e-04+0.j  0.00000000e+00+0.j]
 [ 0.00000000e+00+0.j  1.29542237e+00+0.j  0.00000000e+00+0.j  0.00000000e+00+0.j]]
M_d:
[[ 0.00000000e+00+0.j          0.00000000e+00+0.j          1.84269410e-02+0.j        ]
 [ 0.00000000e+00+0.j         -2.06176837e-05+0.j          0.00000000e+00+0.j        ]
 [ 4.12486573e-04+0.j          0.00000000e+00+0.j          7.15359074e-04-0.00031444j]]
chi_square: 2.3553060776123704
m_u = (2.574886575963344+0j) MeV/ chi_square_ratio_ut = 0.716871208106413
m_c = (1.266281432184445+0j) GeV/ chi_square_ratio_ct = 0.0341537488669985
m_t = (172.69+0j) GeV
m_VLQ = (2.3461780955108025+0j) TeV / chi_square_m_VLQ = 0.000317180109680737
m_d = (4.6727502635173215-6.533551942726146e-22j) MeV / chi_square_ratio_db = 3.2758653586801915e-05
m_s = (93.40113981395749+1.453055116881662e-14j) MeV/ chi_square_m_ratio_sb = 1.7518620914853473e-08
m_b = (4.18+0j) GeV
V_ud = 0.9736973100569417 / chi_square_V_ud = 0.011120003924590182
V_us = 0.22412731609908448 / chi_square_V_us = 0.046593327555311925
V_ub = 0.0038208513124006875 / chi_square_V_ub = 1.811832008910419e-05
V_cd = 0.22379887457938544 / chi_square_V_cd = 0.48960618194562483
V_cs = 0.973691105008862 / chi_square_V_cs = 0.04758905827294516
V_cb = 0.04185318421748182 / chi_square_V_cb = 0.5659168346697883
V_td = 0.008577821952572865 / chi_square_V_td = 0.012296644692005759
V_ts = 0.04114095534533491 / chi_square_V_ts = 0.15915193091799124
|V_ud|^2 + |V_us|^2 + |V_ub|^2 = 0.9983341043386545 / chi_square_first_row_unitarity = 5.663690519366527
gamma = 66.19953453081027 / chi_square_gamma = 0.00823883701999305
V:
[[ 9.73697310e-01+0.00000000e+00j -2.24127267e-01-1.47949198e-04j -2.64831858e-05+3.82075953e-03j]
 [ 2.23798875e-01+0.00000000e+00j  9.73691105e-01-1.00757214e-05j  3.84099866e-02-1.66241377e-02j]
 [-8.57782195e-03+0.00000000e+00j -3.74384761e-02-1.70569256e-02j  9.99116465e-01-2.33206229e-05j]
 [-4.18811783e-02+0.00000000e+00j -7.60557434e-08-3.34375475e-08j  1.95851472e-06-2.47664861e-13j]]

#################################

M_u:
[[ 0.00000000e+00+0.j  0.00000000e+00+0.j  1.80082584e-05+0.j -9.38629287e-05+0.j]
 [ 0.00000000e+00+0.j -5.49659798e-05+0.j  0.00000000e+00+0.j -8.36559275e-07+0.j]
 [-5.33597926e-09+0.j  0.00000000e+00+0.j -6.97498216e-07+0.j  0.00000000e+00+0.j]
 [ 0.00000000e+00+0.j  1.34491102e-03+0.j  0.00000000e+00+0.j  0.00000000e+00+0.j]]
M_d:
[[ 0.        +0.j          0.        +0.j         22.55369653+0.j        ]
 [ 0.        +0.j          0.02522071+0.j          0.        +0.j        ]
 [ 0.5048664 +0.j          0.        +0.j         -0.8757737 +0.38482146j]]
chi_square: 1.58959656442604
m_u = (2.1600998260358693+0j) MeV/ chi_square_ratio_ut = 4.150209525399526e-08
m_c = (1.2699842883314947+0j) GeV/ chi_square_ratio_ct = 6.09721604062311e-07
m_t = (172.68999999999997+0j) GeV
m_VLQ = (2.431998003998697+0j) TeV / chi_square_m_VLQ = 3.9840211967831806e-08
m_d = (4.670090755542637-4.572248675323523e-22j) MeV / chi_square_ratio_db = 3.567169478251435e-08
m_s = (93.40154540968183+1.0170693689650021e-14j) MeV/ chi_square_m_ratio_sb = 3.220469800167224e-08
m_b = (4.18+0j) GeV
V_ud = 0.9737263468550315 / chi_square_V_ud = 0.00013887063643176518
V_us = 0.22418450429088407 / chi_square_V_us = 0.020842591912797758
V_ub = 0.0038213891665786937 / chi_square_V_ub = 4.824459458398378e-05
V_cd = 0.22386562975430993 / chi_square_V_cd = 0.5132396180491489
V_cs = 0.9736779193371392 / chi_square_V_cs = 0.04855270219751033
V_cb = 0.04185426481237789 / chi_square_V_cb = 0.5670787217439693
V_td = 0.008581422047030446 / chi_square_V_td = 0.00862850841347446
V_ts = 0.04114143216976594 / chi_square_V_ts = 0.15872949244291495
|V_ud|^2 + |V_us|^2 + |V_ub|^2 = 0.9984162935389569 / chi_square_first_row_unitarity = 5.11862480561162
gamma = 66.2119355648514 / chi_square_gamma = 0.008935151204697839
V:
[[ 9.73726347e-01+0.00000000e+00j -2.24184455e-01-1.48015369e-04j  2.59114183e-05-3.82130132e-03j]
 [ 2.23865630e-01+0.00000000e+00j  9.73677919e-01-9.96548847e-06j -3.84120728e-02+1.66220381e-02j]
 [ 8.58142205e-03+0.00000000e+00j  3.74398772e-02+1.70550003e-02j  9.99116418e-01-2.34514563e-05j]
 [-4.08355291e-02+0.00000000e+00j -6.90296187e-08-3.03375405e-08j -1.77714003e-06+2.10328668e-13j]]

#################################

M_u:
[[ 0.00000000e+00+0.j  0.00000000e+00+0.j  2.87798934e-04+0.j  1.49979966e-03+0.j]
 [ 0.00000000e+00+0.j -9.09444114e-04+0.j  0.00000000e+00+0.j  1.33649482e-05+0.j]
 [ 8.52903113e-08+0.j  0.00000000e+00+0.j  1.11452932e-05+0.j  0.00000000e+00+0.j]
 [ 0.00000000e+00+0.j -2.22533539e-02+0.j  0.00000000e+00+0.j  0.00000000e+00+0.j]]
M_d:
[[     0.           +0.j             0.           +0.j        174396.52872962   +0.j       ]
 [     0.           +0.j           195.06114344   +0.j             0.           +0.j       ]
 [ -3904.47519288   +0.j             0.           +0.j          6771.35208675-2975.1731825j]]
chi_square: 1.5895309722843203
m_u = (2.1608352535334268+0j) MeV/ chi_square_ratio_ut = 2.9054875244297384e-06
m_c = (1.2699951786428783+0j) GeV/ chi_square_ratio_ct = 5.741502666275389e-08
m_t = (172.68999999999997+0j) GeV
m_VLQ = (2.5183911120853755+0j) TeV / chi_square_m_VLQ = 0.0015296866332711256
m_d = (4.67109614005223+1.9351551042820112e-19j) MeV / chi_square_ratio_db = 5.203667295682081e-06
m_s = (93.41579259443411+7.752576968492566e-15j) MeV/ chi_square_m_ratio_sb = 3.363093475463494e-06
m_b = (4.18-2.465190328815662e-35j) GeV
V_ud = 0.973726376825705 / chi_square_V_ud = 0.00013660137327964027
V_us = 0.22418470715848357 / chi_square_V_us = 0.020769436413956874
V_ub = 0.003820808381768839 / chi_square_V_ub = 1.6337027104778104e-05
V_cd = 0.22386589591306202 / chi_square_V_cd = 0.5133349615316001
V_cs = 0.9736780539654717 / chi_square_V_cs = 0.04854281439458512
V_cb = 0.04184979824967317 / chi_square_V_cb = 0.5622838597024737
V_td = 0.008579963321796578 / chi_square_V_td = 0.010036711835686716
V_ts = 0.04113714021405345 / chi_square_V_ts = 0.16255212871256397
|V_ud|^2 + |V_us|^2 + |V_ub|^2 = 0.9984164384265399 / chi_square_first_row_unitarity = 5.117688279468015
gamma = 66.20335531849436 / chi_square_gamma = 0.008450362650028569
V:
[[ 9.73726377e-01+0.00000000e+00j  2.24184658e-01+1.47969170e-04j  2.65583400e-05-3.82071608e-03j]
 [-2.23865896e-01+0.00000000e+00j  9.73678054e-01-9.95407309e-06j  3.84083158e-02-1.66194731e-02j]
 [ 8.57996332e-03+0.00000000e+00j -3.74363592e-02-1.70523698e-02j  9.99116607e-01-2.34522675e-05j]
 [ 4.08336619e-02+0.00000000e+00j -6.43342022e-08-2.82716447e-08j  1.65637786e-06-1.82819537e-13j]]

#################################

M_u:
[[ 0.00000000e+00+0.j  0.00000000e+00+0.j -4.68631071e-02+0.j  2.43847749e-01+0.j]
 [ 0.00000000e+00+0.j  1.53694144e-01+0.j  0.00000000e+00+0.j  2.17085515e-03+0.j]
 [-1.54972656e-05+0.j  0.00000000e+00+0.j -1.81313579e-03+0.j  0.00000000e+00+0.j]
 [ 0.00000000e+00+0.j  3.74150209e+00+0.j  0.00000000e+00+0.j  0.00000000e+00+0.j]]
M_d:
[[  0.        +0.j           0.        +0.j         362.79319345+0.j        ]
 [  0.        +0.j           0.40570749+0.j           0.        +0.j        ]
 [  8.12141278+0.j           0.        +0.j          14.08203978-6.19042898j]]
chi_square: 1.8641143064999048
m_u = (2.4145732065748255+0j) MeV/ chi_square_ratio_ut = 0.26990302856136345
m_c = (1.270604990079088+0j) GeV/ chi_square_ratio_ct = 0.0009040313149391182
m_t = (172.69+0j) GeV
m_VLQ = (2.604165742251927+0j) TeV / chi_square_m_VLQ = 0.00027470494073844094
m_d = (4.6702480556796875-9.04186453616391e-22j) MeV / chi_square_ratio_db = 2.664868471573262e-07
m_s = (93.40460097514952+2.0124473150798865e-14j) MeV/ chi_square_m_ratio_sb = 2.8545111822398175e-07
m_b = (4.18+0j) GeV
V_ud = 0.9737213080322206 / chi_square_V_ud = 0.0007861634118462859
V_us = 0.22417027999842948 / chi_square_V_us = 0.026292623136650085
V_ub = 0.0038213766515741224 / chi_square_V_ub = 4.737923891333717e-05
V_cd = 0.22384991216377953 / chi_square_V_cd = 0.5076249588286568
V_cs = 0.9736818705127918 / chi_square_V_cs = 0.04826292625132787
V_cb = 0.04183631627997403 / chi_square_V_cb = 0.5479344041526546
V_td = 0.008570566915403467 / chi_square_V_td = 0.021657661721667422
V_ts = 0.041125425428944644 / chi_square_V_ts = 0.1732174188658095
|V_ud|^2 + |V_us|^2 + |V_ub|^2 = 0.998400103070066 / chi_square_first_row_unitarity = 5.223816706963805
gamma = 66.110965250624 / chi_square_gamma = 0.004086899630013496
V:
[[ 9.73721308e-01+0.00000000e+00j  2.24170231e-01+1.47854362e-04j  3.18531473e-05-3.82124389e-03j]
 [-2.23849912e-01+0.00000000e+00j  9.73681870e-01-9.87278441e-06j  3.83921547e-02-1.66228702e-02j]
 [ 8.57056692e-03+0.00000000e+00j -3.74219228e-02-1.70558000e-02j  9.99117170e-01-2.35036506e-05j]
 [ 4.10435924e-02+0.00000000e+00j -6.03740258e-08-2.65444105e-08j  1.55487068e-06-1.60849093e-13j]]

#################################

M_u:
[[ 0.00000000e+00+0.j  0.00000000e+00+0.j  3.97366544e-02+0.j  2.07059835e-01+0.j]
 [ 0.00000000e+00+0.j -1.34115973e-01+0.j  0.00000000e+00+0.j  1.84505766e-03+0.j]
 [ 1.17702673e-05+0.j  0.00000000e+00+0.j  1.53876810e-03+0.j  0.00000000e+00+0.j]
 [ 0.00000000e+00+0.j  3.28162843e+00+0.j  0.00000000e+00+0.j  0.00000000e+00+0.j]]
M_d:
[[0.        +0.j         0.        +0.j         4.95458081+0.j        ]
 [0.        +0.j         0.00554053+0.j         0.        +0.j        ]
 [0.11090792+0.j         0.        +0.j         0.19237664-0.08453779j]]
chi_square: 1.58949597856533
m_u = (2.159959818366078+0j) MeV/ chi_square_ratio_ut = 2.387910468641225e-08
m_c = (1.2700427647698818+0j) GeV/ chi_square_ratio_ct = 4.51709523833674e-06
m_t = (172.69+0j) GeV
m_VLQ = (2.6900051639714895+0j) TeV / chi_square_m_VLQ = 2.6666601551874017e-07
m_d = (4.670146848266519+2.2325805206904446e-19j) MeV / chi_square_ratio_db = 9.339316129374058e-08
m_s = (93.4008975199043+8.947359585892505e-15j) MeV/ chi_square_m_ratio_sb = 1.0862258924109821e-08
m_b = (4.18+0j) GeV
V_ud = 0.9737262846072697 / chi_square_V_ud = 0.00014364352903239108
V_us = 0.22418492613002441 / chi_square_V_us = 0.02069061804868409
V_ub = 0.003821427704664022 / chi_square_V_ub = 5.095851519175695e-05
V_cd = 0.22386613359394322 / chi_square_V_cd = 0.5134201111456177
V_cs = 0.9736779358746875 / chi_square_V_cs = 0.048551487539948444
V_cb = 0.04185122363442538 / chi_square_V_cb = 0.5638118008033159
V_td = 0.008579521529277715 / chi_square_V_td = 0.010484194078087022
V_ts = 0.04113874179136935 / chi_square_V_ts = 0.16112036210250213
|V_ud|^2 + |V_us|^2 + |V_ub|^2 = 0.9984163617487041 / chi_square_first_row_unitarity = 5.11818389993392
gamma = 66.19183560326245 / chi_square_gamma = 0.007820754759554934
V:
[[ 9.73726285e-01+0.00000000e+00j  2.24184877e-01+1.47986029e-04j  2.71228605e-05-3.82133145e-03j]
 [-2.23866134e-01+0.00000000e+00j  9.73677936e-01-9.95104654e-06j  3.84087189e-02-1.66221307e-02j]
 [ 8.57952153e-03+0.00000000e+00j -3.74368765e-02-1.70550977e-02j  9.99116545e-01-2.34590314e-05j]
 [-4.08346509e-02+0.00000000e+00j  5.63550913e-08+2.47682370e-08j -1.45088812e-06+1.40396656e-13j]]

#################################

M_u:
[[ 0.00000000e+00+0.j  0.00000000e+00+0.j  6.04674726e-04+0.j  3.15219979e-03+0.j]
 [ 0.00000000e+00+0.j  2.10644845e-03+0.j  0.00000000e+00+0.j  2.80953983e-05+0.j]
 [-1.79210101e-07+0.j  0.00000000e+00+0.j  2.34213374e-05+0.j  0.00000000e+00+0.j]
 [ 0.00000000e+00+0.j  5.15545761e-02+0.j  0.00000000e+00+0.j  0.00000000e+00+0.j]]
M_d:
[[ 0.        +0.j          0.        +0.j         23.44599871+0.j        ]
 [ 0.        +0.j          0.02621822+0.j          0.        +0.j        ]
 [-0.52485109+0.j          0.        +0.j          0.9104612 -0.40002154j]]
chi_square: 1.5897043859972564
m_u = (2.16026427873049+0j) MeV/ chi_square_ratio_ut = 2.9087526756950277e-07
m_c = (1.269849549747198+0j) GeV/ chi_square_ratio_ct = 5.5907852680401816e-05
m_t = (172.68999999999997+0j) GeV
m_VLQ = (2.7760003732865717+0j) TeV / chi_square_m_VLQ = 1.3934286470063174e-09
m_d = (4.670035443516474+0j) MeV / chi_square_ratio_db = 5.440653078921176e-09
m_s = (93.40339248081816+0j) MeV/ chi_square_m_ratio_sb = 1.5519108696433933e-07
m_b = (4.18+0j) GeV
V_ud = 0.9737267197548171 / chi_square_V_ud = 0.00011196678938705035
V_us = 0.2241847853756426 / chi_square_V_us = 0.020741265102839267
V_ub = 0.0038211568335191765 / chi_square_V_ub = 3.345659477725192e-05
V_cd = 0.22386598903149352 / chi_square_V_cd = 0.5133683205400711
V_cs = 0.9736777953967243 / chi_square_V_cs = 0.04856180591454037
V_cb = 0.04185576110948513 / chi_square_V_cb = 0.5686895511741129
V_td = 0.008581916505954723 / chi_square_V_td = 0.00817531892213944
V_ts = 0.041142833855998796 / chi_square_V_ts = 0.15749093138356804
|V_ud|^2 + |V_us|^2 + |V_ub|^2 = 0.9984171439979453 / chi_square_first_row_unitarity = 5.11312882293969
gamma = 66.21430342962903 / chi_square_gamma = 0.00907131734403719
V:
[[ 9.73726720e-01+0.00000000e+00j  2.24184737e-01+1.48012672e-04j  2.59136140e-05-3.82106896e-03j]
 [-2.23865989e-01+0.00000000e+00j  9.73677795e-01-9.97280695e-06j  3.84141493e-02-1.66210069e-02j]
 [ 8.58191651e-03+0.00000000e+00j -3.74418990e-02-1.70539432e-02j  9.99116356e-01-2.34437590e-05j]
 [ 4.08245622e-02+0.00000000e+00j -5.29121287e-08-2.32507326e-08j  1.36208683e-06-1.23685325e-13j]]

#################################

M_u:
[[ 0.00000000e+00+0.j  0.00000000e+00+0.j  1.75553184e-03+0.j  9.15772995e-03+0.j]
 [ 0.00000000e+00+0.j -6.29076498e-03+0.j  0.00000000e+00+0.j -8.16101792e-05+0.j]
 [ 5.61257896e-07+0.j  0.00000000e+00+0.j  6.79830560e-05+0.j  0.00000000e+00+0.j]
 [ 0.00000000e+00+0.j  1.54386597e-01+0.j  0.00000000e+00+0.j  0.00000000e+00+0.j]]
M_d:
[[0.        +0.j         0.        +0.j         0.22716226+0.j        ]
 [0.        +0.j         0.00025461+0.j         0.        +0.j        ]
 [0.00508936+0.j         0.        +0.j         0.00881946-0.00387531j]]
chi_square: 1.7154900469560108
m_u = (2.32903867454322+0j) MeV/ chi_square_ratio_ut = 0.11900207368621603
m_c = (1.2687943818360712+0j) GeV/ chi_square_ratio_ct = 0.0035900998979268026
m_t = (172.69+0j) GeV
m_VLQ = (2.8615148978690694+0j) TeV / chi_square_m_VLQ = 0.002353240774332199
m_d = (4.680936140664844-2.078913250880056e-19j) MeV / chi_square_ratio_db = 0.0005179711882002001
m_s = (93.48089274378259-8.305208081685977e-15j) MeV/ chi_square_m_ratio_sb = 8.823707564582984e-05
m_b = (4.18+0j) GeV
V_ud = 0.9737276960885864 / chi_square_V_ud = 5.52342122937169e-05
V_us = 0.22419982880976094 / chi_square_V_us = 0.015678542740483276
V_ub = 0.0038210247365772815 / chi_square_V_ub = 2.6252126320462535e-05
V_cd = 0.22388207822681186 / chi_square_V_cd = 0.5191484315914362
V_cs = 0.9736745795011922 / chi_square_V_cs = 0.048798319407219515
V_cb = 0.041849832762581175 / chi_square_V_cb = 0.5623208313208247
V_td = 0.008581117351262801 / chi_square_V_td = 0.008913860583311034
V_ts = 0.04113696639937148 / chi_square_V_ts = 0.16270789529050772
|V_ud|^2 + |V_us|^2 + |V_ub|^2 = 0.9984257895983502 / chi_square_first_row_unitarity = 5.057425282984829
gamma = 66.21121315387975 / chi_square_gamma = 0.00889381332853811
V:
