LIST OF MAXIMALLY RESTRICTIVE PAIRS OF TEXTURE ZEROS (AFTER MINUIT):

M_u:
[[0 0 1 1]
 [0 1 0 1]
 [1 0 1 0]
 [0 1 0 0]]
M_d:
[[0 0 1]
 [0 1 0]
 [1 0 2]]

#################################
M_u:
[[ 0.00000000e+00+0.j  0.00000000e+00+0.j  3.34936596e+04+0.j -1.69404549e+05+0.j]
 [ 0.00000000e+00+0.j  4.52023831e+04+0.j  0.00000000e+00+0.j -1.46105814e+03+0.j]
 [ 9.67736789e+00+0.j  0.00000000e+00+0.j  1.26002184e+03+0.j  0.00000000e+00+0.j]
 [ 0.00000000e+00+0.j  9.98977847e+05+0.j  0.00000000e+00+0.j  0.00000000e+00+0.j]]
M_d:
[[   0.          +0.j            0.          +0.j         4176.24377923  +0.j        ]
 [   0.          +0.j            4.67056801  +0.j            0.          +0.j        ]
 [  93.48431875  +0.j            0.          +0.j          133.85966969-115.99045536j]]
chi_square: 163.43801727365485
phase = -0.714
m_u = (2.1602882213716734+0j) MeV/ chi_square_ratio_ut = 3.459670459299852e-07
m_c = (1.2681321637055418+0j) GeV/ chi_square_ratio_ct = 0.008617168566371965
m_t = (172.69+0j) GeV
m_VLQ = (0.999999999186098+0j) TeV / chi_square_m_VLQ = 6.62436476159606e-09
m_d = (4.670568006030047-3.3048047945197323e-19j) MeV / chi_square_ratio_db = 1.397279605885967e-06
m_s = (93.40031211704917+6.236606186540538e-15j) MeV/ chi_square_m_ratio_sb = 1.3136115492669623e-09
m_b = (4.18+0j) GeV
V_ud = 0.9737345172852712 / chi_square_V_ud = 0.0002123399190550961
V_us = 0.2232931964038106 / chi_square_V_us = 1.583833564531119
V_ub = 0.006319877776934172 / chi_square_V_ub = 156.23472249023345
V_cd = 0.2230005081606335 / chi_square_V_cd = 0.2501270562975745
V_cs = 0.9738745051874754 / chi_square_V_cs = 0.035187182583879914
V_cb = 0.04168217394677858 / chi_square_V_cb = 0.39705656753821195
V_td = 0.008282438708319264 / chi_square_V_td = 2.521129349348438
V_ts = 0.04133517368961233 / chi_square_V_ts = 0.03354038592100465
V_tb = 0.9991109324730699 / chi_square_V_tb = 0.26359611393755533
|V_ud|^2 + |V_us|^2 + |V_ub|^2 = 0.9980587025681262 / chi_square_first_row_unitarity = 7.691093304080989
gamma = 60.815964401283054 / chi_square_gamma = 2.10999330359357
V:
[[ 9.73734517e-01+0.00000000e+00j  2.23293075e-01+2.33155198e-04j -1.23848197e-03-6.19733955e-03j]
 [-2.23000508e-01+0.00000000e+00j  9.73874505e-01-1.30880978e-05j  3.17023637e-02-2.70622202e-02j]
 [ 8.28243871e-03+0.00000000e+00j -3.06248069e-02-2.77618045e-02j  9.99110932e-01-3.92895549e-05j]
 [ 4.52024824e-02+0.00000000e+00j -3.68995484e-07-3.20158819e-07j  1.15215887e-05-1.35115969e-11j]]

#################################

M_u:
[[ 0.00000000e+00+0.j  0.00000000e+00+0.j -3.33077791e+04+0.j  1.69441117e+05+0.j]
 [ 0.00000000e+00+0.j  4.47225690e+04+0.j  0.00000000e+00+0.j  1.47020323e+03+0.j]
 [ 9.67437765e+00+0.j  0.00000000e+00+0.j -1.26005296e+03+0.j  0.00000000e+00+0.j]
 [ 0.00000000e+00+0.j  9.98999433e+05+0.j  0.00000000e+00+0.j  0.00000000e+00+0.j]]
M_d:
[[   0.          +0.j            0.          +0.j         4176.24377923  +0.j        ]
 [   0.          +0.j            4.67056801  +0.j            0.          +0.j        ]
 [  93.48431875  +0.j            0.          +0.j          137.27862908-111.92307582j]]
chi_square: 133.5865379167795
phase = -0.6839999999999999
m_u = (2.1605545133319466+0j) MeV/ chi_square_ratio_ut = 1.2805789430058338e-06
m_c = (1.2684665582445667+0j) GeV/ chi_square_ratio_ct = 0.005807932203999993
m_t = (172.69+0j) GeV
m_VLQ = (0.9999999895589751+0j) TeV / chi_square_m_VLQ = 1.090150010488579e-06
m_d = (4.670568006030047-3.296063424969983e-19j) MeV / chi_square_ratio_db = 1.397279605885967e-06
m_s = (93.40031211704907-1.32082985397237e-14j) MeV/ chi_square_m_ratio_sb = 1.3136115485345303e-09
m_b = (4.18+0j) GeV
V_ud = 0.9737330302085189 / chi_square_V_ud = 9.554800903138371e-05
V_us = 0.2233982132651642 / chi_square_V_us = 1.2706551798840582
V_ub = 0.006083494472910922 / chi_square_V_ub = 128.08518072245732
V_cd = 0.223101708387841 / chi_square_V_cd = 0.2760736342200731
V_cs = 0.9738513572073874 / chi_square_V_cs = 0.0366494518061366
V_cb = 0.04170620826960067 / chi_square_V_cb = 0.41898644280236463
V_td = 0.008336454751496193 / chi_square_V_td = 1.7364024502233282
V_ts = 0.04131310174378821 / chi_square_V_ts = 0.04312463972223322
V_tb = 0.9991113967697189 / chi_square_V_tb = 0.2635796743742401
|V_ud|^2 + |V_us|^2 + |V_ub|^2 = 0.9980997847141341 / chi_square_first_row_unitarity = 7.369016597221466
gamma = 61.685473184449656 / chi_square_gamma = 1.4499784717545283
V:
[[ 9.73733030e-01+0.00000000e+00j  2.23398099e-01+2.26338257e-04j -1.10331829e-03-5.98260761e-03j]
 [-2.23101708e-01+0.00000000e+00j  9.73851357e-01-1.31779986e-05j  3.25197985e-02-2.61126505e-02j]
 [ 8.33645475e-03+0.00000000e+00j -3.14509181e-02-2.67882834e-02j  9.99111396e-01-3.77023227e-05j]
 [ 4.47226689e-02+0.00000000e+00j -3.76843133e-07-3.07632268e-07j  1.14731167e-05-1.29112175e-11j]]

#################################

M_u:
[[ 0.00000000e+00+0.j  0.00000000e+00+0.j  3.31427351e+04+0.j  1.69473406e+05+0.j]
 [ 0.00000000e+00+0.j  4.42481619e+04+0.j  0.00000000e+00+0.j -1.47853659e+03+0.j]
 [ 9.67290093e+00+0.j  0.00000000e+00+0.j  1.26013863e+03+0.j  0.00000000e+00+0.j]
 [ 0.00000000e+00+0.j -9.99020569e+05+0.j  0.00000000e+00+0.j  0.00000000e+00+0.j]]
M_d:
[[   0.          +0.j            0.          +0.j         4176.24377923  +0.j        ]
 [   0.          +0.j            4.67056801  +0.j            0.          +0.j        ]
 [  93.48431875  +0.j            0.          +0.j          140.57404698-107.75497307j]]
chi_square: 106.53436213583835
phase = -0.6539999999999999
m_u = (2.1611410880782933+0j) MeV/ chi_square_ratio_ut = 5.422764046748567e-06
m_c = (1.268823321515031+0j) GeV/ chi_square_ratio_ct = 0.0034198148494577457
m_t = (172.68999999999997+0j) GeV
m_VLQ = (1.0000000004983796+0j) TeV / chi_square_m_VLQ = 2.4838243851147074e-09
m_d = (4.670568006030047-1.7482739099498048e-21j) MeV / chi_square_ratio_db = 1.397279605885967e-06
m_s = (93.400312117049+3.888980945252852e-14j) MeV/ chi_square_m_ratio_sb = 1.3136115479241702e-09
m_b = (4.18+0j) GeV
V_ud = 0.9737315013620785 / chi_square_V_ud = 2.3455651310135207e-05
V_us = 0.22350120345186814 / chi_square_V_us = 0.9969936332927827
V_ub = 0.0058433623137070945 / chi_square_V_ub = 102.34987631325315
V_cd = 0.22320110908684662 / chi_square_V_cd = 0.30280507576242255
V_cs = 0.9738286378966611 / chi_square_V_cs = 0.038113588253848245
V_cb = 0.0417290924635635 / chi_square_V_cb = 0.4404146968624963
V_td = 0.008385673957002238 / chi_square_V_td = 1.1483913176769673
V_ts = 0.04129159801028811 / chi_square_V_ts = 0.053618999155402275
V_tb = 0.9991118745309097 / chi_square_V_tb = 0.26356275860092365
|V_ud|^2 + |V_us|^2 + |V_ub|^2 = 0.9981399695724101 / chi_square_first_row_unitarity = 7.060639166449255
gamma = 62.51179814380524 / chi_square_gamma = 0.9371356586385043
V:
[[ 9.73731501e-01+0.00000000e+00j -2.23501096e-01-2.19102298e-04j  9.70192909e-04+5.76225727e-03j]
 [ 2.23201109e-01+0.00000000e+00j  9.73828638e-01-1.31642205e-05j  3.33063947e-02-2.51396346e-02j]
 [-8.38567396e-03+0.00000000e+00j -3.22465208e-02-2.57906565e-02j  9.99111874e-01-3.61208378e-05j]
 [-4.42482613e-02+0.00000000e+00j -3.84047032e-07-2.94751150e-07j  1.14179295e-05-1.23101328e-11j]]

#################################

M_u:
[[ 0.00000000e+00+0.j  0.00000000e+00+0.j  3.29956338e+04+0.j  1.69502044e+05+0.j]
 [ 0.00000000e+00+0.j -4.37739670e+04+0.j  0.00000000e+00+0.j  1.48604719e+03+0.j]
 [ 9.66568930e+00+0.j  0.00000000e+00+0.j  1.26019096e+03+0.j  0.00000000e+00+0.j]
 [ 0.00000000e+00+0.j  9.99041481e+05+0.j  0.00000000e+00+0.j  0.00000000e+00+0.j]]
M_d:
[[   0.          +0.j            0.          +0.j         4176.24377923  +0.j        ]
 [   0.          +0.j            4.67056801  +0.j            0.          +0.j        ]
 [  93.48431875  +0.j            0.          +0.j          143.74295771-103.48989811j]]
chi_square: 82.38669598964505
phase = -0.624
m_u = (2.160410670241144+0j) MeV/ chi_square_ratio_ut = 7.023746656828654e-07
m_c = (1.269118001964774+0j) GeV/ chi_square_ratio_ct = 0.0019214195437832855
m_t = (172.69+0j) GeV
m_VLQ = (1.0000000224468548+0j) TeV / chi_square_m_VLQ = 5.0386130333110175e-06
m_d = (4.670568006030047-1.7482739099498048e-21j) MeV / chi_square_ratio_db = 1.397279605885967e-06
m_s = (93.40031211704911+3.8889809452528476e-14j) MeV/ chi_square_m_ratio_sb = 1.313611548900746e-09
m_b = (4.18+0j) GeV
V_ud = 0.9737306494887564 / chi_square_V_ud = 4.389548852720555e-06
V_us = 0.22360001775417673 / chi_square_V_us = 0.7655861632309118
V_ub = 0.005599685713660932 / chi_square_V_ub = 79.18203098522048
V_cd = 0.2232966356702615 / chi_square_V_cd = 0.32965846261984433
V_cs = 0.9738068358752812 / chi_square_V_cs = 0.03954557301433379
V_cb = 0.04175084148128046 / chi_square_V_cb = 0.4612752665936774
V_td = 0.008430061943738767 / chi_square_V_td = 0.7219735741461515
V_ts = 0.041270794276791936 / chi_square_V_ts = 0.06485835006337357
V_tb = 0.9991123613621137 / chi_square_V_tb = 0.2635455222500429
|V_ud|^2 + |V_us|^2 + |V_ub|^2 = 0.9981797021735553 / chi_square_first_row_unitarity = 6.762212606039097
gamma = 63.289532223537265 / chi_square_gamma = 0.5562891438326799
V:
[[ 9.73730649e-01+0.00000000e+00j  2.23599918e-01+2.11462978e-04j -8.39267611e-04-5.53643477e-03j]
 [-2.23296636e-01+0.00000000e+00j  9.73806836e-01-1.30564851e-05j  3.40616665e-02-2.41440601e-02j]
 [ 8.43006194e-03+0.00000000e+00j -3.30111255e-02-2.47698214e-02j  9.99112361e-01-3.45385786e-05j]
 [-4.37740654e-02+0.00000000e+00j  3.90548160e-07+2.81520932e-07j -1.13548635e-05+1.17058721e-11j]]

#################################

M_u:
[[ 0.00000000e+00+0.j  0.00000000e+00+0.j -3.28678324e+04+0.j -1.69526815e+05+0.j]
 [ 0.00000000e+00+0.j  4.33119978e+04+0.j  0.00000000e+00+0.j  1.49265516e+03+0.j]
 [ 9.65984371e+00+0.j  0.00000000e+00+0.j -1.26020914e+03+0.j  0.00000000e+00+0.j]
 [ 0.00000000e+00+0.j  9.99061591e+05+0.j  0.00000000e+00+0.j  0.00000000e+00+0.j]]
M_d:
[[   0.         +0.j            0.         +0.j         4176.24377923 +0.j        ]
 [   0.         +0.j            4.67056801 +0.j            0.         +0.j        ]
 [  93.48431875 +0.j            0.         +0.j          146.78250949-99.13168923j]]
chi_square: 61.24118420850607
phase = -0.594
m_u = (2.159956201198885+0j) MeV/ chi_square_ratio_ut = 2.837182680267499e-08
m_c = (1.2693484991009156+0j) GeV/ chi_square_ratio_ct = 0.0010483758478103977
m_t = (172.69+0j) GeV
m_VLQ = (0.9999999978485569+0j) TeV / chi_square_m_VLQ = 4.628707158364984e-08
m_d = (4.670568006030047-3.296063424969983e-19j) MeV / chi_square_ratio_db = 1.397279605885967e-06
m_s = (93.400312117049-1.3208298539723711e-14j) MeV/ chi_square_m_ratio_sb = 1.3136115479241702e-09
m_b = (4.18+0j) GeV
V_ud = 0.9737297373904045 / chi_square_V_ud = 7.176253866382646e-07
V_us = 0.22369564743125533 / chi_square_V_us = 0.5706906677316795
V_ub = 0.005352703029474312 / chi_square_V_ub = 58.729464413993355
V_cd = 0.2233891994408899 / chi_square_V_cd = 0.3567671230217848
V_cs = 0.9737857280318364 / chi_square_V_cs = 0.040957122574108
V_cb = 0.041771176823677265 / chi_square_V_cb = 0.48121654226931465
V_td = 0.00846913993346169 / chi_square_V_td = 0.42810892536027023
V_ts = 0.041250614556732526 / chi_square_V_ts = 0.07678160409100684
V_tb = 0.9991128651106713 / chi_square_V_tb = 0.26352768753040134
|V_ud|^2 + |V_us|^2 + |V_ub|^2 = 0.9982179955877962 / chi_square_first_row_unitarity = 6.480693316558614
gamma = 64.00669876899943 / chi_square_gamma = 0.2926195552088411
V:
[[ 9.73729737e-01+0.00000000e+00j -2.23695555e-01-2.03428556e-04j  7.10226981e-04+5.30537533e-03j]
 [ 2.23389199e-01+0.00000000e+00j  9.73785728e-01-1.28560025e-05j  3.47847899e-02-2.31268157e-02j]
 [-8.46913993e-03+0.00000000e+00j -3.37439929e-02-2.37266969e-02j  9.99112865e-01-3.29563968e-05j]
 [ 4.33120972e-02+0.00000000e+00j  3.96422119e-07+2.68045138e-07j -1.12866387e-05+1.11025376e-11j]]

#################################

M_u:
[[ 0.00000000e+00+0.j  0.00000000e+00+0.j  3.27610421e+04+0.j  1.69547436e+05+0.j]
 [ 0.00000000e+00+0.j -4.28677966e+04+0.j  0.00000000e+00+0.j  1.49829081e+03+0.j]
 [ 9.65734693e+00+0.j  0.00000000e+00+0.j  1.26022437e+03+0.j  0.00000000e+00+0.j]
 [ 0.00000000e+00+0.j -9.99080733e+05+0.j  0.00000000e+00+0.j  0.00000000e+00+0.j]]
M_d:
[[   0.         +0.j            0.         +0.j         4176.24377923 +0.j        ]
 [   0.         +0.j            4.67056801 +0.j            0.         +0.j        ]
 [  93.48431875 +0.j            0.         +0.j          149.68996692-94.68426853j]]
chi_square: 43.186658384675034
phase = -0.564
m_u = (2.1602179036990536+0j) MeV/ chi_square_ratio_ut = 1.977477621381429e-07
m_c = (1.269543929915449+0j) GeV/ chi_square_ratio_ct = 0.0005137479957641439
m_t = (172.69000000000003+0j) GeV
m_VLQ = (0.9999999816910387+0j) TeV / chi_square_m_VLQ = 3.352180680861466e-06
m_d = (4.670568006030047-6.583385480390218e-19j) MeV / chi_square_ratio_db = 1.397279605885967e-06
m_s = (93.40031211704907-4.5861501805711657e-14j) MeV/ chi_square_m_ratio_sb = 1.3136115485345303e-09
m_b = (4.18+0j) GeV
V_ud = 0.9737286854552917 / chi_square_V_ud = 1.798155869034203e-05
V_us = 0.22378748969728124 / chi_square_V_us = 0.41041689123886804
V_ub = 0.005102678402087243 / chi_square_V_ub = 41.13159707952707
V_cd = 0.22347818299580371 / chi_square_V_cd = 0.3838369350431665
V_cs = 0.9737654589902607 / chi_square_V_cs = 0.042335875131336846
V_cb = 0.041789790699771234 / chi_square_V_cb = 0.49983960681307343
V_td = 0.008502488579329419 / chi_square_V_td = 0.2377119290298776
V_ts = 0.041230939002645454 / chi_square_V_ts = 0.0893750867869431
V_tb = 0.9991133949360455 / chi_square_V_tb = 0.26350893023799943
|V_ud|^2 + |V_us|^2 + |V_ub|^2 = 0.9982544307503762 / chi_square_first_row_unitarity = 6.218391847412422
gamma = 64.65025309894976 / chi_square_gamma = 0.12749937279058687
V:
[[ 9.73728685e-01+0.00000000e+00j  2.23787405e-01+1.95011660e-04j -5.82870724e-04-5.06927890e-03j]
 [-2.23478183e-01+0.00000000e+00j  9.73765459e-01-1.25638166e-05j  3.54749305e-02-2.20888186e-02j]
 [ 8.50248858e-03+0.00000000e+00j -3.44443615e-02-2.26622218e-02j  9.99113394e-01-3.13759452e-05j]
 [ 4.28678963e-02+0.00000000e+00j -4.01698541e-07-2.54381588e-07j  1.12144260e-05-1.05024797e-11j]]

#################################

M_u:
[[0.00000000e+00+0.j 0.00000000e+00+0.j 3.26751398e+04+0.j 1.69563971e+05+0.j]
 [0.00000000e+00+0.j 4.24322556e+04+0.j 0.00000000e+00+0.j 1.50299524e+03+0.j]
 [9.65360772e+00+0.j 0.00000000e+00+0.j 1.26028271e+03+0.j 0.00000000e+00+0.j]
 [0.00000000e+00+0.j 9.99099336e+05+0.j 0.00000000e+00+0.j 0.00000000e+00+0.j]]
M_d:
[[   0.         +0.j            0.         +0.j         4176.24377923 +0.j        ]
 [   0.         +0.j            4.67056801 +0.j            0.         +0.j        ]
 [  93.48431875 +0.j            0.         +0.j          152.46271349-90.15163837j]]
chi_square: 28.30168893027306
phase = -0.534
m_u = (2.1601662670938317+0j) MeV/ chi_square_ratio_ut = 1.1513171756833475e-07
m_c = (1.2697511841191174+0j) GeV/ chi_square_ratio_ct = 0.0001529125605432962
m_t = (172.69000000000003+0j) GeV
m_VLQ = (0.9999999914781476+0j) TeV / chi_square_m_VLQ = 7.262196888556991e-07
m_d = (4.670568006030047-1.7482739099498048e-21j) MeV / chi_square_ratio_db = 1.397279605885967e-06
m_s = (93.40031211704907+3.8889809452528495e-14j) MeV/ chi_square_m_ratio_sb = 1.3136115485345303e-09
m_b = (4.18+0j) GeV
V_ud = 0.9737278571279494 / chi_square_V_ud = 4.7782524715524886e-05
V_us = 0.22387569135571492 / chi_square_V_us = 0.2813091025235064
V_ub = 0.004850003154457568 / chi_square_V_ub = 26.522662454813496
V_cd = 0.22356383590973097 / chi_square_V_cd = 0.4108284107516274
V_cs = 0.9737459992182035 / chi_square_V_cs = 0.04368105446517272
V_cb = 0.041806547827592695 / chi_square_V_cb = 0.516907412873249
V_td = 0.008530346388366538 / chi_square_V_td = 0.12129064033962886
V_ts = 0.04121169524750477 / chi_square_V_ts = 0.10261682754485832
V_tb = 0.9991139524118959 / chi_square_V_tb = 0.2634891947625437
|V_ud|^2 + |V_us|^2 + |V_ub|^2 = 0.9982897874575858 / chi_square_first_row_unitarity = 5.969034571899771
gamma = 65.21146097400258 / chi_square_gamma = 0.038700897169101044
V:
[[ 9.73727857e-01+0.00000000e+00j  2.23875614e-01+1.86240936e-04j -4.57588339e-04-4.82836862e-03j]
 [-2.23563836e-01+0.00000000e+00j  9.73745999e-01-1.21867595e-05j  3.61314883e-02-2.10310008e-02j]
 [ 8.53034639e-03+0.00000000e+00j -3.51115598e-02-2.15773537e-02j  9.99113952e-01-2.97969878e-05j]
 [ 4.24323546e-02+0.00000000e+00j -4.06303312e-07-2.40519480e-07j  1.11364263e-05-9.90458556e-12j]]

#################################

M_u:
[[ 0.00000000e+00+0.j  0.00000000e+00+0.j -3.26095530e+04+0.j -1.69576565e+05+0.j]
 [ 0.00000000e+00+0.j  4.19997850e+04+0.j  0.00000000e+00+0.j -1.50666597e+03+0.j]
 [-9.65184627e+00+0.j  0.00000000e+00+0.j -1.26029282e+03+0.j  0.00000000e+00+0.j]
 [ 0.00000000e+00+0.j  9.99117624e+05+0.j  0.00000000e+00+0.j  0.00000000e+00+0.j]]
M_d:
[[   0.         +0.j            0.         +0.j         4176.24377923 +0.j        ]
 [   0.         +0.j            4.67056801 +0.j            0.         +0.j        ]
 [  93.48431875 +0.j            0.         +0.j          155.0982539 -85.53787782j]]
chi_square: 16.653153880348626
phase = -0.504
m_u = (2.160525467088804+0j) MeV/ chi_square_ratio_ut = 1.1499353179631373e-06
m_c = (1.2698791690612068+0j) GeV/ chi_square_ratio_ct = 3.6061456858357195e-05
m_t = (172.68999999999997+0j) GeV
m_VLQ = (1.0000000068064416+0j) TeV / chi_square_m_VLQ = 4.6327648603991586e-07
m_d = (4.670568006030047-6.592126849939965e-19j) MeV / chi_square_ratio_db = 1.397279605885967e-06
m_s = (93.40031211704917-2.6416597079447368e-14j) MeV/ chi_square_m_ratio_sb = 1.3136115492669623e-09
m_b = (4.18+0j) GeV
V_ud = 0.9737276394575471 / chi_square_V_ud = 5.7982941432438125e-05
V_us = 0.22395960129170128 / chi_square_V_us = 0.18104887595536723
V_ub = 0.004595008120934789 / chi_square_V_ub = 15.015939687871823
V_cd = 0.22364560114769175 / chi_square_V_cd = 0.43745033954174245
V_cs = 0.9737274963641591 / chi_square_V_cs = 0.04497959731189469
V_cb = 0.041821310422521296 / chi_square_V_cb = 0.5321811118115422
V_td = 0.008552139046097022 / chi_square_V_td = 0.05726677271257392
V_ts = 0.041192958358973554 / chi_square_V_ts = 0.11638835719038798
V_tb = 0.9991145398665742 / chi_square_V_tb = 0.26346839879168854
|V_ud|^2 + |V_us|^2 + |V_ub|^2 = 0.9983245329539362 / chi_square_first_row_unitarity = 5.728958821317906
gamma = 65.66959249960313 / chi_square_gamma = 0.0043336829582969645
V:
[[ 9.73727639e-01+0.00000000e+00j  2.23959531e-01+1.77127919e-04j -3.33962158e-04-4.58285598e-03j]
 [-2.23645601e-01+0.00000000e+00j  9.73727496e-01-1.17314736e-05j  3.67538747e-02-1.99543153e-02j]
 [ 8.55213905e-03+0.00000000e+00j -3.57451153e-02-2.04730689e-02j  9.99114539e-01-2.82155168e-05j]
 [ 4.19998828e-02+0.00000000e+00j -4.10152606e-07-2.26452782e-07j  1.10506650e-05-9.30668471e-12j]]

#################################

M_u:
[[ 0.00000000e+00+0.j  0.00000000e+00+0.j -3.25682666e+04+0.j  1.69584477e+05+0.j]
 [ 0.00000000e+00+0.j  4.15742477e+04+0.j  0.00000000e+00+0.j  1.50915685e+03+0.j]
 [ 9.64780397e+00+0.j  0.00000000e+00+0.j -1.26029509e+03+0.j  0.00000000e+00+0.j]
 [ 0.00000000e+00+0.j  9.99135420e+05+0.j  0.00000000e+00+0.j  0.00000000e+00+0.j]]
M_d:
[[   0.         +0.j            0.         +0.j         4176.24377923 +0.j        ]
 [   0.         +0.j            4.67056801 +0.j            0.         +0.j        ]
 [  93.48431875 +0.j            0.         +0.j          157.59421635-80.84713895j]]
chi_square: 8.294785673591454
phase = -0.474
m_u = (2.1603462930593844+0j) MeV/ chi_square_ratio_ut = 4.994246183638202e-07
m_c = (1.2699633870740223+0j) GeV/ chi_square_ratio_ct = 3.310974558172666e-06
m_t = (172.69+0j) GeV
m_VLQ = (1.0000000050831164+0j) TeV / chi_square_m_VLQ = 2.583807186311197e-07
m_d = (4.670568006030047-3.2873220554202343e-19j) MeV / chi_square_ratio_db = 1.397279605885967e-06
m_s = (93.40031211704904-3.265320326598796e-14j) MeV/ chi_square_m_ratio_sb = 1.3136115482903865e-09
m_b = (4.18+0j) GeV
V_ud = 0.9737275697210666 / chi_square_V_ud = 6.145947652728208e-05
V_us = 0.22404055755035596 / chi_square_V_us = 0.1051724760582839
V_ub = 0.004338146537304647 / chi_square_V_ub = 6.711895853019899
V_cd = 0.2237248319605856 / chi_square_V_cd = 0.46404432583929583
V_cs = 0.9737096526876212 / chi_square_V_cs = 0.046249894071196854
V_cb = 0.04183359409239742 / chi_square_V_cb = 0.5450595652238958
V_td = 0.008566993222853451 / chi_square_V_td = 0.027236183440048495
V_ts = 0.041174516835113986 / chi_square_V_ts = 0.13078924768421912
V_tb = 0.9991151739263453 / chi_square_V_tb = 0.26344595391551856
|V_ud|^2 + |V_us|^2 + |V_ub|^2 = 0.998358370977748 / chi_square_first_row_unitarity = 5.499889483061046
gamma = 65.99479949978875 / chi_square_gamma = 0.0008252474894579475
V:
[[ 9.73727570e-01+0.00000000e+00j  2.24040495e-01+1.67683494e-04j -2.11279876e-04-4.33299852e-03j]
 [-2.23724832e-01+0.00000000e+00j  9.73709653e-01-1.11976686e-05j  3.73411362e-02-1.88597227e-02j]
 [ 8.56699322e-03+0.00000000e+00j -3.63442479e-02-1.93503613e-02j  9.99115174e-01-2.66345107e-05j]
 [ 4.15743449e-02+0.00000000e+00j -4.13239717e-07-2.12226124e-07j  1.09572967e-05-8.71096916e-12j]]

#################################

M_u:
[[ 0.00000000e+00+0.j  0.00000000e+00+0.j  3.25440624e+04+0.j  1.69589110e+05+0.j]
 [ 0.00000000e+00+0.j -4.11881261e+04+0.j  0.00000000e+00+0.j -1.51075005e+03+0.j]
 [-9.64159125e+00+0.j  0.00000000e+00+0.j  1.26025767e+03+0.j  0.00000000e+00+0.j]
 [ 0.00000000e+00+0.j  9.99151415e+05+0.j  0.00000000e+00+0.j  0.00000000e+00+0.j]]
M_d:
[[   0.         +0.j            0.         +0.j         4176.24377923 +0.j        ]
 [   0.         +0.j            4.67056801 +0.j            0.         +0.j        ]
 [  93.48431875 +0.j            0.         +0.j          159.94835464-76.08364312j]]
chi_square: 3.266172780790567
phase = -0.44399999999999995
m_u = (2.1596322100911944+0j) MeV/ chi_square_ratio_ut = 2.000610171392874e-06
m_c = (1.2699814461069576+0j) GeV/ chi_square_ratio_ct = 8.502704105201328e-07
m_t = (172.69+0j) GeV
m_VLQ = (1.0000000079365614+0j) TeV / chi_square_m_VLQ = 6.298900628055665e-07
m_d = (4.670568006030047+0j) MeV / chi_square_ratio_db = 1.397279605885967e-06
m_s = (93.40031211704904+0j) MeV/ chi_square_m_ratio_sb = 1.3136115482903865e-09
m_b = (4.18+0j) GeV
V_ud = 0.9737269562150003 / chi_square_V_ud = 9.640610951585129e-05
V_us = 0.22411591789184326 / chi_square_V_us = 0.05294722272410644
V_ub = 0.0040799998236525446 / chi_square_V_ub = 1.6899977074838557
V_cd = 0.22379854281898667 / chi_square_V_cd = 0.48949011935636655
V_cs = 0.9736930655913997 / chi_square_V_cs = 0.04744659856620615
V_cb = 0.04184391191033562 / chi_square_V_cb = 0.5559959574186485
V_td = 0.008576555290193673 / chi_square_V_td = 0.01374136044757272
V_ts = 0.04115664422924129 / chi_square_V_ts = 0.14554714236210875
V_tb = 0.9991158293808481 / chi_square_V_tb = 0.26342275269919785
|V_ud|^2 + |V_us|^2 + |V_ub|^2 = 0.9983887763107936 / chi_square_first_row_unitarity = 5.298044442163085
gamma = 66.18545732970426 / chi_square_gamma = 0.007482634259126291
V:
[[ 9.73726956e-01+0.00000000e+00j -2.24115862e-01-1.57965797e-04j  9.13196291e-05+4.07897773e-03j]
 [ 2.23798543e-01+0.00000000e+00j  9.73693066e-01-1.06065992e-05j  3.78934521e-02-1.77482182e-02j]
 [-8.57655529e-03+0.00000000e+00j -3.69087590e-02-1.82102408e-02j  9.99115829e-01-2.50458373e-05j]
 [-4.11882225e-02+0.00000000e+00j -4.15974402e-07-1.98081182e-07j  1.08672877e-05-8.12409598e-12j]]

#################################

M_u:
[[ 0.00000000e+00+0.j  0.00000000e+00+0.j  3.25421322e+04+0.j  1.69589476e+05+0.j]
 [ 0.00000000e+00+0.j  4.08171071e+04+0.j  0.00000000e+00+0.j  1.51124614e+03+0.j]
 [-9.64177395e+00+0.j  0.00000000e+00+0.j  1.26022708e+03+0.j  0.00000000e+00+0.j]
 [ 0.00000000e+00+0.j  9.99166633e+05+0.j  0.00000000e+00+0.j  0.00000000e+00+0.j]]
M_d:
[[   0.         +0.j            0.         +0.j         4176.24377923 +0.j        ]
 [   0.         +0.j            4.67056801 +0.j            0.         +0.j        ]
 [  93.48431875 +0.j            0.         +0.j          162.15855021-71.25167715j]]
chi_square: 1.5898795260641665
phase = -0.414
m_u = (2.160301114453827+0j) MeV/ chi_square_ratio_ut = 3.776118174521536e-07
m_c = (1.2699729223167935+0j) GeV/ chi_square_ratio_ct = 1.8109646556791196e-06
m_t = (172.69+0j) GeV
m_VLQ = (0.9999999998314812+0j) TeV / chi_square_m_VLQ = 2.839856753110491e-10
m_d = (4.670568006030047+3.2916927401951084e-19j) MeV / chi_square_ratio_db = 1.397279605885967e-06
m_s = (93.4003121170491+2.293075090285582e-14j) MeV/ chi_square_m_ratio_sb = 1.3136115487786743e-09
m_b = (4.18+0j) GeV
V_ud = 0.9737267990594642 / chi_square_V_ud = 0.00010661831751667345
V_us = 0.2241857299911644 / chi_square_V_us = 0.02040255456138715
V_ub = 0.0038211336538748514 / chi_square_V_ub = 3.212927769913698e-05
V_cd = 0.2238670725324856 / chi_square_V_cd = 0.5137565566583403
V_cs = 0.9736777364033318 / chi_square_V_cs = 0.04856613941872049
V_cb = 0.04185169064356857 / chi_square_V_cb = 0.5643128621273815
V_td = 0.008579659868614588 / chi_square_V_td = 0.010343023619395422
V_ts = 0.04113908240033508 / chi_square_V_ts = 0.16081668363937093
V_tb = 0.9991165271437648 / chi_square_V_tb = 0.2633980550086703
|V_ud|^2 + |V_us|^2 + |V_ub|^2 = 0.9984177218006623 / chi_square_first_row_unitarity = 5.109396530814685
gamma = 66.19775649622481 / chi_square_gamma = 0.008141315982008573
V:
[[ 9.73726799e-01+0.00000000e+00j  2.24185681e-01+1.47981844e-04j  2.68769335e-05-3.82103913e-03j]
 [-2.23867073e-01+0.00000000e+00j  9.73677736e-01-9.95613687e-06j  3.84098045e-02-1.66207981e-02j]
 [ 8.57965987e-03+0.00000000e+00j -3.74378722e-02-1.70537334e-02j  9.99116527e-01-2.34532500e-05j]
 [ 4.08172031e-02+0.00000000e+00j -4.18067864e-07-1.83891110e-07j  1.07729563e-05-7.54147580e-12j]]

#################################

M_u:
[[ 0.00000000e+00+0.j  0.00000000e+00+0.j  3.25548224e+04+0.j  1.69587042e+05+0.j]
 [ 0.00000000e+00+0.j -4.04722606e+04+0.j  0.00000000e+00+0.j -1.51102587e+03+0.j]
 [ 9.64017716e+00+0.j  0.00000000e+00+0.j  1.26021945e+03+0.j  0.00000000e+00+0.j]
 [ 0.00000000e+00+0.j  9.99180664e+05+0.j  0.00000000e+00+0.j  0.00000000e+00+0.j]]
M_d:
[[   0.         +0.j            0.         +0.j         4176.24377923 +0.j        ]
 [   0.         +0.j            4.67056801 +0.j            0.         +0.j        ]
 [  93.48431875 +0.j            0.         +0.j          164.22281404-66.35558947j]]
chi_square: 3.274841434828385
phase = -0.38399999999999995
m_u = (2.1605155654539567+0j) MeV/ chi_square_ratio_ut = 1.107006039995774e-06
m_c = (1.269964751562188+0j) GeV/ chi_square_ratio_ct = 3.06878679464151e-06
m_t = (172.69+0j) GeV
m_VLQ = (1.0000000037195584+0j) TeV / chi_square_m_VLQ = 1.3835116105125438e-07
m_d = (4.670568006030047+1.6567730820347408e-19j) MeV / chi_square_ratio_db = 1.397279605885967e-06
m_s = (93.40031211704907-1.2840755456402397e-14j) MeV/ chi_square_m_ratio_sb = 1.3136115485345303e-09
m_b = (4.18+0j) GeV
V_ud = 0.9737268573623198 / chi_square_V_ud = 0.00010276973557752339
V_us = 0.22424920575215648 / chi_square_V_us = 0.004031336896857139
V_ub = 0.003562210118836958 / chi_square_V_ub = 1.6613905707513812
V_cd = 0.2239294630784597 / chi_square_V_cd = 0.5363596205036629
V_cs = 0.973663836895643 / chi_square_V_cs = 0.049592551151250004
V_cb = 0.04185757436304617 / chi_square_V_cb = 0.5706446598839328
V_td = 0.008578534455353063 / chi_square_V_td = 0.01151924017474109
V_ts = 0.041122091907281444 / chi_square_V_ts = 0.1763142302989857
V_tb = 0.9991172373717933 / chi_square_V_tb = 0.26337291729791645
|V_ud|^2 + |V_us|^2 + |V_ub|^2 = 0.9984443883701032 / chi_square_first_row_unitarity = 4.938627638918819
gamma = 66.02814140069427 / chi_square_gamma = 0.001507825396867511
V:
[[ 9.73726857e-01+0.00000000e+00j -2.24249163e-01-1.37795111e-04j -1.41047258e-04+3.55941661e-03j]
 [ 2.23929463e-01+0.00000000e+00j  9.73663837e-01-9.26774467e-06j  3.88905295e-02-1.54784768e-02j]
 [-8.57853446e-03+0.00000000e+00j -3.79314164e-02-1.58818794e-02j  9.99117237e-01-2.18500359e-05j]
 [-4.04723555e-02+0.00000000e+00j -4.19750978e-07-1.69780909e-07j  1.06802300e-05-6.96548182e-12j]]

#################################

M_u:
[[ 0.00000000e+00+0.j  0.00000000e+00+0.j  3.25831846e+04+0.j  1.69581604e+05+0.j]
 [ 0.00000000e+00+0.j  4.01678404e+04+0.j  0.00000000e+00+0.j -1.51001035e+03+0.j]
 [-9.63508252e+00+0.j  0.00000000e+00+0.j  1.26020469e+03+0.j  0.00000000e+00+0.j]
 [ 0.00000000e+00+0.j  9.99192935e+05+0.j  0.00000000e+00+0.j  0.00000000e+00+0.j]]
M_d:
[[   0.         +0.j            0.         +0.j         4176.24377923 +0.j        ]
 [   0.         +0.j            4.67056801 +0.j            0.         +0.j        ]
 [  93.48431875 +0.j            0.         +0.j          166.13928841-61.39978624j]]
chi_square: 8.32026549602901
phase = -0.354
m_u = (2.1598963228952464+0j) MeV/ chi_square_ratio_ut = 1.5897490556996972e-07
m_c = (1.2699252971215924+0j) GeV/ chi_square_ratio_ct = 1.3783567605310852e-05
m_t = (172.69+0j) GeV
m_VLQ = (0.9999999903148916+0j) TeV / chi_square_m_VLQ = 9.380132320342814e-07
m_d = (4.670568006030047+4.370684774874512e-22j) MeV / chi_square_ratio_db = 1.397279605885967e-06
m_s = (93.40031211704917-9.722452363132113e-15j) MeV/ chi_square_m_ratio_sb = 1.3136115492669623e-09
m_b = (4.18+0j) GeV
V_ud = 0.9737264166085725 / chi_square_V_ud = 0.00013361804497921798
V_us = 0.22430713423946042 / chi_square_V_us = 7.95271448102381e-05
V_ub = 0.0033039670455584248 / chi_square_V_ub = 6.657250251742521
V_cd = 0.22398640856190843 / chi_square_V_cd = 0.5574147561649994
V_cs = 0.9736511873261976 / chi_square_V_cs = 0.05053598969472013
V_cb = 0.04186139276705765 / chi_square_V_cb = 0.5747727581440257
V_td = 0.008572710992847302 / chi_square_V_td = 0.018617247784500555
V_ts = 0.04110565591508626 / chi_square_V_ts = 0.19198426827957463
V_tb = 0.9991179647494906 / chi_square_V_tb = 0.26334717383758166
|V_ud|^2 + |V_us|^2 + |V_ub|^2 = 0.9984677410703288 / chi_square_first_row_unitarity = 4.791464137871931
gamma = 65.6263361203618 / chi_square_gamma = 0.006113626042337542
V:
[[ 9.73726417e-01+0.00000000e+00j -2.24307098e-01-1.27422145e-04j -2.51557948e-04+3.29437655e-03j]
 [ 2.23986409e-01+0.00000000e+00j  9.73651187e-01-8.54616590e-06j  3.93350816e-02-1.43222750e-02j]
 [-8.57271099e-03+0.00000000e+00j -3.83889355e-02-1.46957333e-02j  9.99117965e-01-2.02355323e-05j]
 [ 4.01679350e-02+0.00000000e+00j  4.21163332e-07+1.55809286e-07j -1.05924336e-05+6.39777437e-12j]]

#################################

M_u:
[[ 0.00000000e+00+0.j  0.00000000e+00+0.j  3.26192968e+04+0.j  1.69574674e+05+0.j]
 [ 0.00000000e+00+0.j -3.98723533e+04+0.j  0.00000000e+00+0.j  1.50852728e+03+0.j]
 [ 9.63256985e+00+0.j  0.00000000e+00+0.j  1.26014639e+03+0.j  0.00000000e+00+0.j]
 [ 0.00000000e+00+0.j  9.99204779e+05+0.j  0.00000000e+00+0.j  0.00000000e+00+0.j]]
M_d:
[[   0.         +0.j            0.         +0.j         4176.24377923 +0.j        ]
 [   0.         +0.j            4.67056801 +0.j            0.         +0.j        ]
 [  93.48431875 +0.j            0.         +0.j          167.90624864-56.38872735j]]
chi_square: 16.71941661669122
phase = -0.32399999999999995
m_u = (2.1597925417272488+0j) MeV/ chi_square_ratio_ut = 6.3653805043421e-07
m_c = (1.2698288569223568+0j) GeV/ chi_square_ratio_ct = 7.234452069191829e-05
m_t = (172.69+0j) GeV
m_VLQ = (0.9999999989243488+0j) TeV / chi_square_m_VLQ = 1.1570253909090096e-08
m_d = (4.670568006030047-3.2960634249699826e-19j) MeV / chi_square_ratio_db = 1.397279605885967e-06
m_s = (93.40031211704904-1.3208298539723703e-14j) MeV/ chi_square_m_ratio_sb = 1.3136115482903865e-09
m_b = (4.18+0j) GeV
V_ud = 0.9737270534118133 / chi_square_V_ud = 9.03473667203067e-05
V_us = 0.22435814296776543 / chi_square_V_us = 0.005282194844644282
V_ub = 0.0030470730048068923 / chi_square_V_ub = 14.93540349745616
V_cd = 0.22403675768297307 / chi_square_V_cd = 0.5763685765684973
V_cs = 0.9736400903192864 / chi_square_V_cs = 0.05137095388051069
V_cb = 0.0418638530650878 / chi_square_V_cb = 0.5774404816819931
V_td = 0.008564149684244661 / chi_square_V_td = 0.032131128493937705
V_ts = 0.04109012297573444 / chi_square_V_ts = 0.20740638891456092
V_tb = 0.999118678157064 / chi_square_V_tb = 0.2633219260321571
|V_ud|^2 + |V_us|^2 + |V_ub|^2 = 0.9984902355158932 / chi_square_first_row_unitarity = 4.651813872388181
gamma = 64.97050957760969 / chi_square_gamma = 0.0705267302298227
V:
[[ 9.73727053e-01+0.00000000e+00j  2.24358113e-01+1.16912680e-04j  3.56429890e-04-3.02615459e-03j]
 [-2.24036758e-01+0.00000000e+00j  9.73640090e-01-7.80892053e-06j  3.97438627e-02-1.31532341e-02j]
 [ 8.56414968e-03+0.00000000e+00j -3.88103905e-02-1.34963623e-02j  9.99118678e-01-1.86037747e-05j]
 [-3.98724466e-02+0.00000000e+00j  4.22083313e-07+1.41895179e-07j -1.05037560e-05+5.83262319e-12j]]

#################################

M_u:
[[ 0.00000000e+00+0.j  0.00000000e+00+0.j  3.26574129e+04+0.j  1.69567352e+05+0.j]
 [ 0.00000000e+00+0.j -3.96608191e+04+0.j  0.00000000e+00+0.j  1.50690244e+03+0.j]
 [-9.63192394e+00+0.j  0.00000000e+00+0.j  1.26010449e+03+0.j  0.00000000e+00+0.j]
 [ 0.00000000e+00+0.j  9.99213231e+05+0.j  0.00000000e+00+0.j  0.00000000e+00+0.j]]
M_d:
[[   0.         +0.j            0.         +0.j         4176.24377923 +0.j        ]
 [   0.         +0.j            4.67056801 +0.j            0.         +0.j        ]
 [  93.48431875 +0.j            0.         +0.j          169.52210457-51.32692241j]]
chi_square: 28.47592825593085
phase = -0.294
m_u = (2.160008606808687+0j) MeV/ chi_square_ratio_ut = 3.0850817094754865e-10
m_c = (1.2697428775178385+0j) GeV/ chi_square_ratio_ct = 0.000163292813675941
m_t = (172.69+0j) GeV
m_VLQ = (1.0000000321674536+0j) TeV / chi_square_m_VLQ = 1.0347450829776596e-05
m_d = (4.670568006030047-1.6524023972598661e-19j) MeV / chi_square_ratio_db = 1.397279605885967e-06
m_s = (93.40031211704925+3.1183030932702663e-15j) MeV/ chi_square_m_ratio_sb = 1.3136115499993941e-09
m_b = (4.18+0j) GeV
V_ud = 0.9737267642693626 / chi_square_V_ud = 0.0001089485198543356
V_us = 0.2243983769567986 / chi_square_V_us = 0.015121915045238766
V_ub = 0.0027920602514167453 / chi_square_V_ub = 26.416503167935122
V_cd = 0.22407591965255816 / chi_square_V_cd = 0.5913301068120932
V_cs = 0.9736314280608364 / chi_square_V_cs = 0.05202747646294648
V_cb = 0.04186550444051983 / chi_square_V_cb = 0.5792345473303381
V_td = 0.00855470367146989 / chi_square_V_td = 0.0512939344576905
V_ts = 0.0410756705471121 / chi_square_V_ts = 0.22229072171376066
V_tb = 0.9991193541457277 / chi_square_V_tb = 0.26329800361506667
|V_ud|^2 + |V_us|^2 + |V_ub|^2 = 0.9985062386357758 / chi_square_first_row_unitarity = 4.553720435201855
gamma = 64.03300539979672 / chi_square_gamma = 0.28454439487250793
V:
[[ 9.73726764e-01+0.00000000e+00j  2.24398352e-01+1.06307802e-04j  4.53610239e-04-2.75496610e-03j]
 [-2.24075920e-01+0.00000000e+00j  9.73631428e-01-7.06702226e-06j  4.01171012e-02-1.19724121e-02j]
 [ 8.55470367e-03+0.00000000e+00j -3.91955774e-02-1.22848454e-02j  9.99119354e-01-1.69530084e-05j]
 [-3.96609105e-02+0.00000000e+00j  4.23413183e-07+1.28328628e-07j -1.04363255e-05+5.28095627e-12j]]

#################################

M_u:
[[ 0.00000000e+00+0.j  0.00000000e+00+0.j  3.26814643e+04+0.j  1.69562726e+05+0.j]
 [ 0.00000000e+00+0.j  3.95029158e+04+0.j  0.00000000e+00+0.j  1.50589942e+03+0.j]
 [-9.63030529e+00+0.j  0.00000000e+00+0.j  1.26007491e+03+0.j  0.00000000e+00+0.j]
 [ 0.00000000e+00+0.j  9.99219463e+05+0.j  0.00000000e+00+0.j  0.00000000e+00+0.j]]
M_d:
[[   0.         +0.j            0.         +0.j         4176.24377923 +0.j        ]
 [   0.         +0.j            4.67056801 +0.j            0.         +0.j        ]
 [  93.48431875 +0.j            0.         +0.j          170.98540206-46.21892671j]]
chi_square: 43.62741294977661
phase = -0.264
m_u = (2.159906156633687+0j) MeV/ chi_square_ratio_ut = 1.302476843015898e-07
m_c = (1.2696865024627115+0j) GeV/ chi_square_ratio_ct = 0.00024274776250022794
m_t = (172.69000000000003+0j) GeV
m_VLQ = (1.0000000091461225+0j) TeV / chi_square_m_VLQ = 8.36515566882855e-07
m_d = (4.670568006030047+3.296063424969983e-19j) MeV / chi_square_ratio_db = 1.397279605885967e-06
m_s = (93.40031211704897+1.3208298539723714e-14j) MeV/ chi_square_m_ratio_sb = 1.3136115476800262e-09
m_b = (4.18+0j) GeV
V_ud = 0.9737266671071138 / chi_square_V_ud = 0.00011558975016748761
V_us = 0.2244282953120138 / chi_square_V_us = 0.02571826106987401
V_ub = 0.0025389213119062265 / chi_square_V_ub = 41.0290651272016
V_cd = 0.22410445488226233 / chi_square_V_cd = 0.6023525072501491
V_cs = 0.9736250679130799 / chi_square_V_cs = 0.0525121734345111
V_cb = 0.04186795897803303 / chi_square_V_cb = 0.5819063156945686
V_td = 0.008548886208697162 / chi_square_V_td = 0.06531549153375113
V_ts = 0.04106296869027017 / chi_square_V_ts = 0.235797982326136
V_tb = 0.9991199266262707 / chi_square_V_tb = 0.26327774507439744
|V_ud|^2 + |V_us|^2 + |V_ub|^2 = 0.9985181280936125 / chi_square_first_row_unitarity = 4.4815190753887535
gamma = 62.82655626687251 / chi_square_gamma = 0.7711066433225052
V:
[[ 9.73726667e-01+0.00000000e+00j  2.24428275e-01+9.56670543e-05j  5.38783184e-04-2.48109534e-03j]
 [-2.24104455e-01+0.00000000e+00j  9.73625068e-01-6.34119180e-06j  4.04561367e-02-1.07808624e-02j]
 [ 8.54888621e-03+0.00000000e+00j -3.95448293e-02-1.10622724e-02j  9.99119927e-01-1.52767497e-05j]
 [ 3.95030076e-02+0.00000000e+00j -4.25076425e-07-1.15017698e-07j  1.03875735e-05-4.73656447e-12j]]

#################################

M_u:
[[ 0.00000000e+00+0.j  0.00000000e+00+0.j  3.26760817e+04+0.j  1.69563761e+05+0.j]
 [ 0.00000000e+00+0.j  3.94253373e+04+0.j  0.00000000e+00+0.j  1.50618159e+03+0.j]
 [-9.63398905e+00+0.j  0.00000000e+00+0.j  1.26001863e+03+0.j  0.00000000e+00+0.j]
 [ 0.00000000e+00+0.j -9.99222526e+05+0.j  0.00000000e+00+0.j  0.00000000e+00+0.j]]
M_d:
[[   0.         +0.j            0.         +0.j         4176.24377923 +0.j        ]
 [   0.         +0.j            4.67056801 +0.j            0.         +0.j        ]
 [  93.48431875 +0.j            0.         +0.j          172.29482423-41.06933709j]]
chi_square: 62.28171752849794
phase = -0.23399999999999999
m_u = (2.1608654310083666+0j) MeV/ chi_square_ratio_ut = 3.119229113634455e-06
m_c = (1.2696416928890595+0j) GeV/ chi_square_ratio_ct = 0.00031710115429972694
m_t = (172.69+0j) GeV
m_VLQ = (1.0000000086893597+0j) TeV / chi_square_m_VLQ = 7.550497104639727e-07
m_d = (4.670568006030047-4.370684774874512e-22j) MeV / chi_square_ratio_db = 1.397279605885967e-06
m_s = (93.400312117049+9.72245236313213e-15j) MeV/ chi_square_m_ratio_sb = 1.3136115479241702e-09
m_b = (4.18+0j) GeV
V_ud = 0.973726493319755 / chi_square_V_ud = 0.00012795844266782713
V_us = 0.22444473193672096 / chi_square_V_us = 0.03273020860468739
V_ub = 0.002287108521553631 / chi_square_V_ub = 58.74390711733737
V_cd = 0.2241188057522312 / chi_square_V_cd = 0.6079343325093998
V_cs = 0.9736217113038448 / chi_square_V_cs = 0.052768881387477366
V_cb = 0.04187276214697102 / chi_square_V_cb = 0.5871523591703394
V_td = 0.008550594465669421 / chi_square_V_td = 0.061022670562249706
V_ts = 0.041052717089790226 / chi_square_V_ts = 0.24699012563669925
V_tb = 0.9991203335020628 / chi_square_V_tb = 0.26326334731252854
|V_ud|^2 + |V_us|^2 + |V_ub|^2 = 0.9985239523523228 / chi_square_first_row_unitarity = 4.4463605269659325
gamma = 61.35606421915153 / chi_square_gamma = 1.685498153508169
V:
[[ 9.73726493e-01+0.00000000e+00j  2.24444716e-01+8.50234807e-05j  6.08074185e-04-2.20479277e-03j]
 [-2.24118806e-01+0.00000000e+00j  9.73621711e-01-5.64234419e-06j  4.07622177e-02-9.57965654e-03j]
 [ 8.55059447e-03+0.00000000e+00j -3.98585214e-02-9.82974333e-03j  9.99120333e-01-1.35718128e-05j]
 [-3.94254290e-02+0.00000000e+00j  4.27576587e-07+1.02021756e-07j -1.03691797e-05+4.20049219e-12j]]

#################################

M_u:
[[ 0.00000000e+00+0.j  0.00000000e+00+0.j -3.26219554e+04+0.j  1.69574160e+05+0.j]
