LIST OF MAXIMALLY RESTRICTIVE PAIRS OF TEXTURE ZEROS (AFTER MINUIT):

M_u:
[[0 0 1 1]
 [0 1 0 1]
 [1 0 1 0]
 [0 1 0 0]]
M_d:
[[0 0 1]
 [0 1 2]
 [1 0 0]]

#################################
M_u:
[[ 0.00000000e+00+0.j  0.00000000e+00+0.j -1.69923538e+05+0.j  2.99763670e+04+0.j]
 [ 0.00000000e+00+0.j -4.12609815e+04+0.j  0.00000000e+00+0.j -2.89313658e+02+0.j]
 [ 9.63908253e+00+0.j  0.00000000e+00+0.j  7.12545231e+03+0.j  0.00000000e+00+0.j]
 [ 0.00000000e+00+0.j  9.99148410e+05+0.j  0.00000000e+00+0.j  0.00000000e+00+0.j]]
M_d:
[[   0.        +0.j            0.        +0.j         4179.83612338+0.j        ]
 [   0.        +0.j           -4.670244  +0.j          -36.77470066-4.19539618j]
 [  93.3863906 +0.j            0.        +0.j            0.        +0.j        ]]
chi_square: 183.82445502489512
phase = -3.028
m_u = (2.1601089429943143+0j) MeV/ chi_square_ratio_ut = 4.942890474952067e-08
m_c = (1.269245127565936+0j) GeV/ chi_square_ratio_ct = 0.0014074536486166872
m_t = (172.69000000000003+0j) GeV
m_VLQ = (1.0000000071196335+0j) TeV / chi_square_m_VLQ = 5.068917937738929e-07
m_d = (4.670060898776369+2.6358585651941143e-15j) MeV / chi_square_ratio_db = 1.6061812831856226e-08
m_s = (93.38639060202023-8.607143622436712e-20j) MeV/ chi_square_m_ratio_sb = 1.5422627376998953e-05
m_b = (4.18-7.703719777548944e-37j) GeV
V_ud = 0.9737371036884003 / chi_square_V_ud = 0.0005251029020645982
V_us = 0.22409280246915897 / chi_square_V_us = 0.06707940122909316
V_ub = 0.0012823422993792181 / chi_square_V_ub = 160.99266513799884
V_cd = 0.22374193648825874 / chi_square_V_cd = 0.4698884816027917
V_cs = 0.9737202461825147 / chi_square_V_cs = 0.04549360648244574
V_cb = 0.04150642970214691 / chi_square_V_cb = 0.254613736773145
V_td = 0.008559419131055429 / chi_square_V_td = 0.04117017310741106
V_ts = 0.04063616684517709 / chi_square_V_ts = 0.9212440979892671
V_tb = 0.9991373469827923 / chi_square_V_tb = 0.2626616583946642
|V_ud|^2 + |V_us|^2 + |V_ub|^2 = 0.9983831756197287 / chi_square_first_row_unitarity = 5.334940972734231
gamma = 49.94994656115468 / chi_square_gamma = 20.76769017975686
V:
[[ 9.73737104e-01-9.43158747e-06j  2.24092802e-01+0.00000000e+00j  8.30256068e-04-9.77280223e-04j]
 [-2.23741933e-01-3.96814708e-05j  9.73720246e-01+0.00000000e+00j  4.15058203e-02+2.24924248e-04j]
 [ 8.50046686e-03-1.00285547e-03j -4.06361668e-02+0.00000000e+00j  9.99137347e-01+2.91132273e-07j]
 [-4.12593638e-02-3.70179079e-10j -4.46583360e-10+0.00000000e+00j  3.63374130e-04+4.14130128e-05j]]

#################################

M_u:
[[ 0.00000000e+00+0.j  0.00000000e+00+0.j  1.69992918e+05+0.j  2.95545122e+04+0.j]
 [ 0.00000000e+00+0.j -4.06359460e+04+0.j  0.00000000e+00+0.j -2.89560710e+02+0.j]
 [-9.63823190e+00+0.j  0.00000000e+00+0.j  7.23217155e+03+0.j  0.00000000e+00+0.j]
 [ 0.00000000e+00+0.j  9.99174010e+05+0.j  0.00000000e+00+0.j  0.00000000e+00+0.j]]
M_d:
[[   0.        +0.j            0.        +0.j         4179.83612338+0.j        ]
 [   0.        +0.j           -4.670244  +0.j          -36.63231028-5.29658393j]
 [  93.3863906 +0.j            0.        +0.j            0.        +0.j        ]]
chi_square: 143.61429939545718
phase = -2.998
m_u = (2.161134039372392+0j) MeV/ chi_square_ratio_ut = 5.3559761921577735e-06
m_c = (1.2701649282860752+0j) GeV/ chi_square_ratio_ct = 6.718576400815079e-05
m_t = (172.69+0j) GeV
m_VLQ = (0.9999999917494785+0j) TeV / chi_square_m_VLQ = 6.807110687591422e-07
m_d = (4.670060898776491-2.6358585651940464e-15j) MeV / chi_square_ratio_db = 1.606181289592366e-08
m_s = (93.38639060202023+8.60714362243671e-20j) MeV/ chi_square_m_ratio_sb = 1.5422627376998953e-05
m_b = (4.18+7.703719777548944e-37j) GeV
V_ud = 0.9737326060476632 / chi_square_V_ud = 7.067101376679572e-05
V_us = 0.22421901156863783 / chi_square_V_us = 0.010248634397664512
V_ub = 0.001591736257344363 / chi_square_V_ub = 124.12898267084267
V_cd = 0.22387567278181134 / chi_square_V_cd = 0.5168433717531584
V_cs = 0.9736648425388436 / chi_square_V_cs = 0.04951792905782396
V_cb = 0.042110454965011 / chi_square_V_cb = 0.8761694976132521
V_td = 0.0085641329010253 / chi_square_V_td = 0.032161219721523415
V_ts = 0.04126268598920339 / chi_square_V_ts = 0.06952832064243589
V_tb = 0.9991116285123619 / chi_square_V_tb = 0.2635714691485319
|V_ud|^2 + |V_us|^2 + |V_ub|^2 = 0.9984318868535035 / chi_square_first_row_unitarity = 5.018324163704518
gamma = 51.188705609667046 / chi_square_gamma = 17.66711695012588
V:
[[ 9.73732606e-01-1.20873522e-05j -2.24219012e-01+0.00000000e+00j  1.00568300e-03-1.23378524e-03j]
 [ 2.23875667e-01+5.08699837e-05j  9.73664843e-01+0.00000000e+00j -4.21094964e-02-2.84135835e-04j]
 [ 8.47003516e-03-1.26604770e-03j  4.12626860e-02+0.00000000e+00j  9.99111629e-01+3.62694126e-07j]
 [-4.06343535e-02-4.54172069e-10j  4.40679131e-10+0.00000000e+00j  3.56480561e-04+5.14909061e-05j]]

#################################

M_u:
[[ 0.00000000e+00+0.j  0.00000000e+00+0.j  1.70029947e+05+0.j  2.93261433e+04+0.j]
 [ 0.00000000e+00+0.j -4.02616744e+04+0.j  0.00000000e+00+0.j -2.89697182e+02+0.j]
 [-9.63200322e+00+0.j  0.00000000e+00+0.j  7.29117490e+03+0.j  0.00000000e+00+0.j]
 [ 0.00000000e+00+0.j  9.99189152e+05+0.j  0.00000000e+00+0.j  0.00000000e+00+0.j]]
M_d:
[[   0.        +0.j            0.        +0.j         4179.83612338+0.j        ]
 [   0.        +0.j           -4.670244  +0.j          -36.45695329-6.39300512j]
 [  93.3863906 +0.j            0.        +0.j            0.        +0.j        ]]
chi_square: 110.49080931492573
phase = -2.968
m_u = (2.1604259488402247+0j) MeV/ chi_square_ratio_ut = 7.556092261261805e-07
m_c = (1.270655175037101+0j) GeV/ chi_square_ratio_ct = 0.0010602338172830184
m_t = (172.68999999999997+0j) GeV
m_VLQ = (0.9999999818360074+0j) TeV / chi_square_m_VLQ = 3.2993062140612585e-06
m_d = (4.670060898776369+8.119721595584252e-16j) MeV / chi_square_ratio_db = 1.6061812831856226e-08
m_s = (93.38639060202023+1.7213096503664323e-19j) MeV/ chi_square_m_ratio_sb = 1.5422627376998953e-05
m_b = (4.18+1.5407439555097887e-36j) GeV
V_ud = 0.9737304695878131 / chi_square_V_ud = 2.294617213238846e-06
V_us = 0.22429039759632113 / chi_square_V_us = 0.00014407211939357933
V_ub = 0.0018665616728768208 / chi_square_V_ub = 95.39803244684512
V_cd = 0.22395244148937565 / chi_square_V_cd = 0.5448069217616696
V_cs = 0.9736336630128974 / chi_square_V_cs = 0.051857687842345304
V_cb = 0.04243934104057456 / chi_square_V_cb = 1.3711423710775927
V_td = 0.008567446238908394 / chi_square_V_td = 0.026493684030233697
V_ts = 0.041608986938682625 / chi_square_V_ts = 0.014664386177049194
V_tb = 0.9990972379761535 / chi_square_V_tb = 0.2640812317947715
|V_ud|^2 + |V_us|^2 + |V_ub|^2 = 0.9984606939100974 / chi_square_first_row_unitarity = 4.83563926206376
gamma = 53.36897131047613 / chi_square_gamma = 12.81850449123841
V:
[[ 9.73730469e-01-1.47100046e-05j -2.24290398e-01+0.00000000e+00j  1.12534013e-03-1.48918168e-03j]
 [ 2.23952433e-01+6.19160622e-05j  9.73633663e-01+0.00000000e+00j -4.24379543e-02-3.43072807e-04j]
 [ 8.43006714e-03-1.52810438e-03j  4.16089869e-02+0.00000000e+00j  9.99097238e-01+4.34603126e-07j]
 [-4.02600970e-02-5.39195811e-10j  4.37082783e-10+0.00000000e+00j  3.51505635e-04+6.15773776e-05j]]

#################################

M_u:
[[ 0.00000000e+00+0.j  0.00000000e+00+0.j  1.70048361e+05+0.j  2.92117322e+04+0.j]
 [ 0.00000000e+00+0.j -4.00675623e+04+0.j  0.00000000e+00+0.j -2.89764226e+02+0.j]
 [ 9.62968899e+00+0.j  0.00000000e+00+0.j  7.32100081e+03+0.j  0.00000000e+00+0.j]
 [ 0.00000000e+00+0.j  9.99196974e+05+0.j  0.00000000e+00+0.j  0.00000000e+00+0.j]]
M_d:
[[   0.        +0.j            0.        +0.j         4179.83612338+0.j        ]
 [   0.        +0.j           -4.670244  +0.j          -36.2487875 -7.48367303j]
 [  93.3863906 +0.j            0.        +0.j            0.        +0.j        ]]
chi_square: 83.09014064048222
phase = -2.938
m_u = (2.160262627851675+0j) MeV/ chi_square_ratio_ut = 2.872525774186833e-07
m_c = (1.270887093279588+0j) GeV/ chi_square_ratio_ct = 0.001943683494704364
m_t = (172.69+0j) GeV
m_VLQ = (1.000000001227402+0j) TeV / chi_square_m_VLQ = 1.506515412950731e-08
m_d = (4.670060898776296-8.119721595584392e-16j) MeV / chi_square_ratio_db = 1.6061812793607014e-08
m_s = (93.38639060202023-1.7213096503664327e-19j) MeV/ chi_square_m_ratio_sb = 1.5422627376998953e-05
m_b = (4.18-1.5407439555097887e-36j) GeV
V_ud = 0.9737290322163554 / chi_square_V_ud = 9.746151744756493e-06
V_us = 0.22432741400870215 / chi_square_V_us = 0.0011742623017527304
V_ub = 0.00212415296631176 / chi_square_V_ub = 71.89742904173006
V_cd = 0.22399339807021998 / chi_square_V_cd = 0.5600270004247926
V_cs = 0.9736176387091039 / chi_square_V_cs = 0.05308118718244129
V_cb = 0.04259944429313157 / chi_square_V_cb = 1.652040695961101
V_td = 0.00857004930713836 / chi_square_V_td = 0.022426100072307928
V_ts = 0.0417840270739677 / chi_square_V_ts = 0.09959429474895418
V_tb = 0.9990899104682243 / chi_square_V_tb = 0.26434098673670486
|V_ud|^2 + |V_us|^2 + |V_ub|^2 = 0.9984755288826561 / chi_square_first_row_unitarity = 4.742882015542266
gamma = 55.67301563102709 / chi_square_gamma = 8.53805790067072
V:
[[ 9.73729032e-01-1.72910009e-05j -2.24327414e-01+0.00000000e+00j  1.21373173e-03-1.74323868e-03j]
 [ 2.23993386e-01+7.27842663e-05j  9.73617639e-01+0.00000000e+00j -4.25975505e-02-4.01674528e-04j]
 [ 8.38128701e-03-1.78879099e-03j  4.17840271e-02+0.00000000e+00j  9.99089910e-01+5.06884802e-07j]
 [-4.00659918e-02-6.25835206e-10j  4.35198445e-10+0.00000000e+00j  3.47814255e-04+7.17351519e-05j]]

#################################

M_u:
[[ 0.00000000e+00+0.j  0.00000000e+00+0.j  1.70054518e+05+0.j -2.91732344e+04+0.j]
 [ 0.00000000e+00+0.j  3.99914956e+04+0.j  0.00000000e+00+0.j  2.89803309e+02+0.j]
 [ 9.62891557e+00+0.j  0.00000000e+00+0.j  7.33150097e+03+0.j  0.00000000e+00+0.j]
 [ 0.00000000e+00+0.j  9.99200047e+05+0.j  0.00000000e+00+0.j  0.00000000e+00+0.j]]
M_d:
[[   0.        +0.j            0.        +0.j         4179.83612338+0.j        ]
 [   0.        +0.j           -4.670244  +0.j          -36.00800026-8.56760615j]
 [  93.3863906 +0.j            0.        +0.j            0.        +0.j        ]]
chi_square: 60.44066724920662
phase = -2.908
m_u = (2.1602106086558006+0j) MeV/ chi_square_ratio_ut = 1.8472888312266772e-07
m_c = (1.2710365506866241+0j) GeV/ chi_square_ratio_ct = 0.0026537991813133446
m_t = (172.69+0j) GeV
m_VLQ = (1.0000000270429807+0j) TeV / chi_square_m_VLQ = 7.313228090083566e-06
m_d = (4.670060898776296+0j) MeV / chi_square_ratio_db = 1.6061812793607014e-08
m_s = (93.38639060202023+0j) MeV/ chi_square_m_ratio_sb = 1.5422627376998953e-05
m_b = (4.18+0j) GeV
V_ud = 0.9737285094719699 / chi_square_V_ud = 2.311835388710815e-05
V_us = 0.2243400987198938 / chi_square_V_us = 0.0025123552142521936
V_ub = 0.002373026107875045 / chi_square_V_ub = 52.343336112281015
V_cd = 0.22400917856490435 / chi_square_V_cd = 0.5659472272174865
V_cs = 0.9736120724310546 / chi_square_V_cs = 0.053509526017737195
V_cb = 0.042647148405276586 / chi_square_V_cb = 1.7407945056713385
V_td = 0.008572251829693636 / chi_square_V_td = 0.01924902388377426
V_ts = 0.041845579489866315 / chi_square_V_ts = 0.14743849853859384
V_tb = 0.9990873154232401 / chi_square_V_tb = 0.26443300985247525
|V_ud|^2 + |V_us|^2 + |V_ub|^2 = 0.9984813213050645 / chi_square_first_row_unitarity = 4.706908119287701
gamma = 57.84182697999912 / chi_square_gamma = 5.300747136348589
V:
[[ 9.73728509e-01-1.98242193e-05j -2.24340099e-01+0.00000000e+00j  1.28386909e-03-1.99572871e-03j]
 [ 2.24009163e-01+8.34491441e-05j  9.73612072e-01+0.00000000e+00j -4.26446688e-02-4.59881551e-04j]
 [ 8.32404438e-03-2.04787369e-03j  4.18455795e-02+0.00000000e+00j  9.99087315e-01+5.79617398e-07j]
 [ 3.99899270e-02+7.14274500e-10j -4.34496144e-10+0.00000000e+00j -3.44849824e-04-8.19693374e-05j]]

#################################

M_u:
[[ 0.00000000e+00+0.j  0.00000000e+00+0.j  1.70053014e+05+0.j -2.91826604e+04+0.j]
 [ 0.00000000e+00+0.j -4.00186012e+04+0.j  0.00000000e+00+0.j  2.89789095e+02+0.j]
 [ 9.63073586e+00+0.j  0.00000000e+00+0.j  7.32886536e+03+0.j  0.00000000e+00+0.j]
 [ 0.00000000e+00+0.j  9.99198940e+05+0.j  0.00000000e+00+0.j  0.00000000e+00+0.j]]
M_d:
[[   0.        +0.j            0.        +0.j         4179.83612338+0.j        ]
 [   0.        +0.j           -4.670244  +0.j          -35.73480824-9.64382899j]
 [  93.3863906 +0.j            0.        +0.j            0.        +0.j        ]]
chi_square: 41.91772859633561
phase = -2.878
m_u = (2.160570712076913+0j) MeV/ chi_square_ratio_ut = 1.3564896909142862e-06
m_c = (1.2709886910027308+0j) GeV/ chi_square_ratio_ct = 0.0024143939406646147
m_t = (172.69+0j) GeV
m_VLQ = (1.0000000054292861+0j) TeV / chi_square_m_VLQ = 2.947714947676954e-07
m_d = (4.670060898776466+0j) MeV / chi_square_ratio_db = 1.606181288301455e-08
m_s = (93.38639060202023+0j) MeV/ chi_square_m_ratio_sb = 1.5422627376998953e-05
m_b = (4.18+0j) GeV
V_ud = 0.9737279257348077 / chi_square_V_ud = 4.47718635576082e-05
V_us = 0.22433531254226052 / chi_square_V_us = 0.001948399438908252
V_ub = 0.0026177289667044467 / chi_square_V_ub = 36.13639093753894
V_cd = 0.2240067956580236 / chi_square_V_cd = 0.5650512580693433
V_cs = 0.9736138387485777 / chi_square_V_cs = 0.05337341708179733
V_cb = 0.04261809033260973 / chi_square_V_cb = 1.686455335473951
V_td = 0.008574337135299476 / chi_square_V_td = 0.016464565615934935
V_ts = 0.04183013918044897 / chi_square_V_ts = 0.13455787465125496
V_tb = 0.9990879441082584 / chi_square_V_tb = 0.2644107145284489
|V_ud|^2 + |V_us|^2 + |V_ub|^2 = 0.998479258314188 / chi_square_first_row_unitarity = 4.719704642788135
gamma = 59.78090300634688 / chi_square_gamma = 3.0565998381824233
V:
[[ 9.73727925e-01-2.23061451e-05j -2.24335313e-01+0.00000000e+00j  1.34390789e-03-2.24642305e-03j]
 [ 2.24006776e-01+9.38969971e-05j  9.73613839e-01+0.00000000e+00j -4.26149466e-02-5.17637790e-04j]
 [ 8.25867309e-03-2.30511956e-03j  4.18301392e-02+0.00000000e+00j  9.99087944e-01+6.52603996e-07j]
 [-4.00170324e-02-8.04763846e-10j  4.34749220e-10+0.00000000e+00j  3.42468164e-04+9.23284829e-05j]]

#################################

M_u:
[[ 0.00000000e+00+0.j  0.00000000e+00+0.j  1.70045383e+05+0.j -2.92302227e+04+0.j]
 [ 0.00000000e+00+0.j -4.01131161e+04+0.j  0.00000000e+00+0.j  2.89757612e+02+0.j]
 [ 9.62940765e+00+0.j  0.00000000e+00+0.j  7.31635842e+03+0.j  0.00000000e+00+0.j]
 [ 0.00000000e+00+0.j  9.99195134e+05+0.j  0.00000000e+00+0.j  0.00000000e+00+0.j]]
M_d:
[[   0.         +0.j            0.         +0.j         4179.83612338 +0.j        ]
 [   0.         +0.j           -4.670244   +0.j          -35.42945731-10.71137304j]
 [  93.3863906  +0.j            0.         +0.j            0.         +0.j        ]]
chi_square: 27.129316633440443
phase = -2.848
m_u = (2.160115287927817+0j) MeV/ chi_square_ratio_ut = 5.5354131157334463e-08
m_c = (1.2708824580315776+0j) GeV/ chi_square_ratio_ct = 0.0019234242567760212
m_t = (172.69+0j) GeV
m_VLQ = (0.9999999893178113+0j) TeV / chi_square_m_VLQ = 1.141091573315333e-06
m_d = (4.670060898776344-6.895661449505117e-15j) MeV / chi_square_ratio_db = 1.6061812818469003e-08
m_s = (93.38639060202023-1.7211905762455228e-19j) MeV/ chi_square_m_ratio_sb = 1.5422627376998953e-05
m_b = (4.18-1.5407439555097887e-36j) GeV
V_ud = 0.9737273546637295 / chi_square_V_ud = 7.281793947880393e-05
V_us = 0.22431877356690544 / chi_square_V_us = 0.0005506981474265518
V_ub = 0.0028601795658079808 / chi_square_V_ub = 23.03138164731391
V_cd = 0.22399229629495487 / chi_square_V_cd = 0.5596148198000406
V_cs = 0.9736207996330497 / chi_square_V_cs = 0.05283871256099353
V_cb = 0.04253085287856347 / chi_square_V_cb = 1.528495758791556
V_td = 0.008576362357733094 / chi_square_V_td = 0.013968453298455868
V_ts = 0.04175675211605333 / chi_square_V_ts = 0.08138475197266719
V_tb = 0.9990909966184252 / chi_square_V_tb = 0.26430247542426943
|V_ud|^2 + |V_us|^2 + |V_ub|^2 = 0.9984720540221338 / chi_square_first_row_unitarity = 4.764528390362288
gamma = 61.48005781991443 / chi_square_gamma = 1.5947664387999714
V:
[[ 9.73727354e-01-2.47323776e-05j -2.24318774e-01+0.00000000e+00j  1.39825661e-03-2.49509631e-03j]
 [ 2.23992272e-01+1.04108059e-04j  9.73620800e-01+0.00000000e+00j -4.25269673e-02-5.74892461e-04j]
 [ 8.18528362e-03-2.56029751e-03j  4.17567521e-02+0.00000000e+00j  9.99090997e-01+7.25944414e-07j]
 [-4.01115443e-02-8.97322910e-10j  4.35675238e-10+0.00000000e+00j  3.40347249e-04+1.02791179e-04j]]

#################################

M_u:
[[ 0.00000000e+00+0.j  0.00000000e+00+0.j  1.70033101e+05+0.j -2.93065607e+04+0.j]
 [ 0.00000000e+00+0.j  4.02592440e+04+0.j  0.00000000e+00+0.j  2.89707717e+02+0.j]
 [-9.62921289e+00+0.j  0.00000000e+00+0.j  7.29636188e+03+0.j  0.00000000e+00+0.j]
 [ 0.00000000e+00+0.j  9.99189284e+05+0.j  0.00000000e+00+0.j  0.00000000e+00+0.j]]
M_d:
[[   0.         +0.j            0.         +0.j         4179.83612338 +0.j        ]
 [   0.         +0.j           -4.670244   +0.j          -35.09222226-11.76927758j]
 [  93.3863906  +0.j            0.         +0.j            0.         +0.j        ]]
chi_square: 15.830589537438401
phase = -2.818
m_u = (2.1598227035381914+0j) MeV/ chi_square_ratio_ut = 4.6490368831692693e-07
m_c = (1.27071085694617+0j) GeV/ chi_square_ratio_ct = 0.0012481057715340276
m_t = (172.69+0j) GeV
m_VLQ = (1.000000016022485+0j) TeV / chi_square_m_VLQ = 2.5672002501079235e-06
m_d = (4.670060898776369+1.2167378579893307e-14j) MeV / chi_square_ratio_db = 1.6061812831856226e-08
m_s = (93.38639060202023-2.3814824182008792e-23j) MeV/ chi_square_m_ratio_sb = 1.5422627376998953e-05
m_b = (4.18+0j) GeV
V_ud = 0.9737268368624344 / chi_square_V_ud = 0.00010411487261756283
V_us = 0.22429291241926677 / chi_square_V_us = 7.849031351566895e-05
V_ub = 0.0031013712469064756 / chi_square_V_ub = 12.910682119318839
V_cd = 0.2239682529016121 / chi_square_V_cd = 0.5506578304955387
V_cs = 0.9736317829140724 / chi_square_V_cs = 0.05200049983956174
V_cb = 0.04239910717735004 / chi_square_V_cb = 1.3046651860471485
V_td = 0.008578417047636145 / chi_square_V_td = 0.011645595818511217
V_ts = 0.04163941327732373 / chi_square_V_ts = 0.023995138140915678
V_tb = 0.9990958762219811 / chi_square_V_tb = 0.2641294953513761
|V_ud|^2 + |V_us|^2 + |V_ub|^2 = 0.99846088189125 / chi_square_first_row_unitarity = 4.834458270779698
gamma = 62.94801507273877 / chi_square_gamma = 0.7113644906757165
V:
[[ 9.73726836e-01-2.70996215e-05j -2.24292912e-01+0.00000000e+00j  1.45001549e-03-2.74152488e-03j]
 [ 2.23968224e-01+1.14068617e-04j  9.73631783e-01+0.00000000e+00j -4.23944027e-02-6.31591846e-04j]
 [ 8.10402790e-03-2.81317807e-03j  4.16394133e-02+0.00000000e+00j  9.99095876e-01+7.99581673e-07j]
 [ 4.02576654e-02+9.91952013e-10j -4.37098759e-10+0.00000000e+00j -3.38339897e-04-1.13354747e-04j]]

#################################

M_u:
[[ 0.00000000e+00+0.j  0.00000000e+00+0.j -1.70017417e+05+0.j  2.94036577e+04+0.j]
 [ 0.00000000e+00+0.j  4.04326834e+04+0.j  0.00000000e+00+0.j -2.89646029e+02+0.j]
 [ 9.63158630e+00+0.j  0.00000000e+00+0.j  7.27112332e+03+0.j  0.00000000e+00+0.j]
 [ 0.00000000e+00+0.j  9.99182263e+05+0.j  0.00000000e+00+0.j  0.00000000e+00+0.j]]
M_d:
[[   0.         +0.j            0.         +0.j         4179.83612338 +0.j        ]
 [   0.         +0.j           -4.670244   +0.j          -34.72340657-12.81659056j]
 [  93.3863906  +0.j            0.         +0.j            0.         +0.j        ]]
chi_square: 7.867264889175875
phase = -2.7880000000000003
m_u = (2.1600367069429818+0j) MeV/ chi_square_ratio_ut = 5.611497920846097e-09
m_c = (1.2705006014854006+0j) GeV/ chi_square_ratio_ct = 0.0006189723316934877
m_t = (172.69+0j) GeV
m_VLQ = (0.999999998542387+0j) TeV / chi_square_m_VLQ = 2.1246352062453046e-08
m_d = (4.670060898776491-6.083689289946496e-15j) MeV / chi_square_ratio_db = 1.606181289592366e-08
m_s = (93.38639060202023+1.1907412091004396e-23j) MeV/ chi_square_m_ratio_sb = 1.5422627376998953e-05
m_b = (4.18+0j) GeV
V_ud = 0.9737267844078202 / chi_square_V_ud = 0.0001075965979861895
V_us = 0.2242599980095537 / chi_square_V_us = 0.0025002488119769653
V_ub = 0.0033420738253887344 / chi_square_V_ub = 5.710335709463949
V_cd = 0.22393715504772155 / chi_square_V_cd = 0.5391799858972597
V_cs = 0.973645687951923 / chi_square_V_cs = 0.05094892009907078
V_cb = 0.04223572018481505 / chi_square_V_cb = 1.051679820961914
V_td = 0.008580569392381332 / chi_square_V_td = 0.009438712810765994
V_ts = 0.0414912957799997 / chi_square_V_ts = 9.353511828844363e-05
V_tb = 0.9991020198469317 / chi_square_V_tb = 0.26391178673153076
|V_ud|^2 + |V_us|^2 + |V_ub|^2 = 0.998447566837893 / chi_square_first_row_unitarity = 4.918466781243695
gamma = 64.19095987427039 / chi_square_gamma = 0.2384341348043999
V:
[[ 9.73726784e-01-2.94074525e-05j  2.24259998e-01+0.00000000e+00j  1.50210416e-03-2.98548833e-03j]
 [-2.23937121e-01-1.23777112e-04j  9.73645688e-01+0.00000000e+00j  4.22301213e-02+6.87685320e-04j]
 [ 8.01504428e-03-3.06353331e-03j -4.14912958e-02+0.00000000e+00j  9.99102020e-01+8.73425680e-07j]
 [ 4.04310987e-02+1.08823958e-09j  4.38778872e-10+0.00000000e+00j -3.36231071e-04-1.23973646e-04j]]

#################################

M_u:
[[ 0.00000000e+00+0.j  0.00000000e+00+0.j  1.69998576e+05+0.j  2.95197158e+04+0.j]
 [ 0.00000000e+00+0.j  4.06535821e+04+0.j  0.00000000e+00+0.j -2.89579297e+02+0.j]
 [ 9.63416571e+00+0.j  0.00000000e+00+0.j -7.24129536e+03+0.j  0.00000000e+00+0.j]
 [ 0.00000000e+00+0.j  9.99173291e+05+0.j  0.00000000e+00+0.j  0.00000000e+00+0.j]]
M_d:
[[   0.         +0.j            0.         +0.j         4179.83612338 +0.j        ]
 [   0.         +0.j           -4.670244   +0.j          -34.32334217-13.85236948j]
 [  93.3863906  +0.j            0.         +0.j            0.         +0.j        ]]
chi_square: 3.1389920153657798
phase = -2.758
m_u = (2.1602501411441244+0j) MeV/ chi_square_ratio_ut = 2.605869338201176e-07
m_c = (1.2702709913876418+0j) GeV/ chi_square_ratio_ct = 0.00018138357026693764
m_t = (172.69+0j) GeV
m_VLQ = (0.9999999898201933+0j) TeV / chi_square_m_VLQ = 1.0362846276132118e-06
m_d = (4.670060898776393-1.9063040029398288e-14j) MeV / chi_square_ratio_db = 1.606181284428722e-08
m_s = (93.38639060202023-1.7209524280037006e-19j) MeV/ chi_square_m_ratio_sb = 1.5422627376998953e-05
m_b = (4.18+0j) GeV
V_ud = 0.9737259347276773 / chi_square_V_ud = 0.00017197127010823497
V_us = 0.22422199002437493 / chi_square_V_us = 0.0095086817141002
V_ub = 0.00358207134537242 / chi_square_V_ub = 1.4152511173222575
V_cd = 0.22390076993741148 / chi_square_V_cd = 0.5259041393618873
V_cs = 0.9736618869607365 / chi_square_V_cs = 0.04973740294019117
V_cb = 0.04204441927062863 / chi_square_V_cb = 0.7900914903632064
V_td = 0.008582834011793208 / chi_square_V_td = 0.007366778777893033
V_ts = 0.04131620831376817 / chi_square_V_ts = 0.041702943120913306
V_tb = 0.9991092561612618 / chi_square_V_tb = 0.2636554721414037
|V_ud|^2 + |V_us|^2 + |V_ub|^2 = 0.9984305280069031 / chi_square_first_row_unitarity = 5.027025177786665
gamma = 65.24144266348381 / chi_square_gamma = 0.035403899222800544
V:
[[ 9.73725934e-01-3.16517873e-05j  2.24221990e-01+0.00000000e+00j  1.55538859e-03-3.22676331e-03j]
 [-2.23900730e-01-1.33215291e-04j  9.73661887e-01+0.00000000e+00j  4.20378515e-02+7.43122893e-04j]
 [ 7.91842175e-03-3.31113826e-03j -4.13162083e-02+0.00000000e+00j  9.99109256e-01+9.47509078e-07j]
 [ 4.06519891e-02+1.18700698e-09j  4.40950487e-10+0.00000000e+00j -3.34178428e-04-1.34724688e-04j]]

#################################

M_u:
[[ 0.00000000e+00+0.j  0.00000000e+00+0.j -1.69977722e+05+0.j -2.96474841e+04+0.j]
 [ 0.00000000e+00+0.j -4.08742240e+04+0.j  0.00000000e+00+0.j  2.89506995e+02+0.j]
 [-9.63618240e+00+0.j  0.00000000e+00+0.j -7.20875250e+03+0.j  0.00000000e+00+0.j]
 [ 0.00000000e+00+0.j -9.99164289e+05+0.j  0.00000000e+00+0.j  0.00000000e+00+0.j]]
M_d:
[[   0.         +0.j           0.         +0.j        4179.83612338 +0.j       ]
 [   0.         +0.j          -4.670244   +0.j         -33.89238907-14.8756822j]
 [  93.3863906  +0.j           0.         +0.j           0.         +0.j       ]]
chi_square: 1.5762724782103104
phase = -2.728
m_u = (2.160302524662022+0j) MeV/ chi_square_ratio_ut = 3.811570357359491e-07
m_c = (1.2700226139214175+0j) GeV/ chi_square_ratio_ct = 1.2631028812972823e-06
m_t = (172.69+0j) GeV
m_VLQ = (0.9999999895440528+0j) TeV / chi_square_m_VLQ = 1.0932683052141717e-06
m_d = (4.670060898776393+8.519605768621891e-15j) MeV / chi_square_ratio_db = 1.606181284428722e-08
m_s = (93.38639060202023+5.163809876978387e-19j) MeV/ chi_square_m_ratio_sb = 1.5422627376998953e-05
m_b = (4.18+0j) GeV
V_ud = 0.9737258301358533 / chi_square_V_ud = 0.00018093409991098628
V_us = 0.2241803162437587 / chi_square_V_us = 0.022381564856292478
V_ub = 0.003821845751409644 / chi_square_V_ub = 8.516995665507278e-05
V_cd = 0.2238609601860749 / chi_square_V_cd = 0.5115683241441084
V_cs = 0.973679571035802 / chi_square_V_cs = 0.0484314624859115
V_cb = 0.04183596692559729 / chi_square_V_cb = 0.5475650361895366
V_td = 0.008585276208196995 / chi_square_V_td = 0.005419751126455621
V_ts = 0.0411251596518046 / chi_square_V_ts = 0.17346331683364444
V_tb = 0.9991171173238402 / chi_square_V_tb = 0.2633771661740035
|V_ud|^2 + |V_us|^2 + |V_ub|^2 = 0.998413412969856 / chi_square_first_row_unitarity = 5.137262049431106
gamma = 66.10293191965849 / chi_square_gamma = 0.0037815761263798615
V:
[[ 9.73725830e-01-3.38351010e-05j -2.24180316e-01+0.00000000e+00j  1.61224265e-03-3.46513760e-03j]
 [ 2.23860915e-01+1.42394292e-04j  9.73679571e-01+0.00000000e+00j -4.18283582e-02-7.97857613e-04j]
 [ 7.81431205e-03-3.55576922e-03j  4.11251597e-02+0.00000000e+00j  9.99117117e-01+1.02164211e-06j]
 [ 4.08726224e-02+1.28683904e-09j -4.43095916e-10+0.00000000e+00j -3.31779515e-04-1.45462388e-04j]]

#################################

M_u:
[[ 0.00000000e+00+0.j  0.00000000e+00+0.j  1.69955371e+05+0.j  2.97837154e+04+0.j]
 [ 0.00000000e+00+0.j -4.11103423e+04+0.j  0.00000000e+00+0.j -2.89419913e+02+0.j]
 [-9.63715377e+00+0.j  0.00000000e+00+0.j -7.17402465e+03+0.j  0.00000000e+00+0.j]
 [ 0.00000000e+00+0.j  9.99154605e+05+0.j  0.00000000e+00+0.j  0.00000000e+00+0.j]]
M_d:
[[   0.         +0.j           0.         +0.j        4179.83612338 +0.j       ]
 [   0.         +0.j          -4.670244   +0.j         -33.43093511-15.8856078j]
 [  93.3863906  +0.j           0.         +0.j           0.         +0.j       ]]
chi_square: 3.131868888205019
phase = -2.698
m_u = (2.160115545002632+0j) MeV/ chi_square_ratio_ut = 5.560126923753649e-08
m_c = (1.2696988932238122+0j) GeV/ chi_square_ratio_ct = 0.00022393811936185273
m_t = (172.69+0j) GeV
m_VLQ = (0.9999999922513503+0j) TeV / chi_square_m_VLQ = 6.004157379824693e-07
m_d = (4.670060898776296+0j) MeV / chi_square_ratio_db = 1.6061812793607014e-08
m_s = (93.38639060202023+0j) MeV/ chi_square_m_ratio_sb = 1.5422627376998953e-05
m_b = (4.18+0j) GeV
V_ud = 0.9737250608225896 / chi_square_V_ud = 0.00025385508315731886
V_us = 0.22413837027622105 / chi_square_V_us = 0.040819011888843196
V_ub = 0.004061178987149235 / chi_square_V_ub = 1.4541825960582722
V_cd = 0.22382096750937513 / chi_square_V_cd = 0.4973661055593837
V_cs = 0.9736978160062634 / chi_square_V_cs = 0.047102309820661534
V_cb = 0.041613470506812654 / chi_square_V_cb = 0.3376195231908323
V_td = 0.008587935348983826 / chi_square_V_td = 0.003638895103551785
V_ts = 0.040921315650960736 / chi_square_V_ts = 0.4134266368185169
V_tb = 0.9991254641646968 / chi_square_V_tb = 0.2630818267725547
|V_ud|^2 + |V_us|^2 + |V_ub|^2 = 0.9983949962788018 / chi_square_first_row_unitarity = 5.257218255224671
gamma = 66.79853428173963 / chi_square_gamma = 0.0741380950836869
V:
[[ 9.73725060e-01-3.59561365e-05j  2.24138370e-01+0.00000000e+00j  1.67340212e-03-3.70039189e-03j]
 [-2.23820916e-01-1.51307222e-04j  9.73697816e-01+0.00000000e+00j  4.16047507e-02+8.51850163e-04j]
 [ 7.70284758e-03-3.79720592e-03j -4.09213157e-02+0.00000000e+00j  9.99125464e-01+1.09567327e-06j]
 [-4.11087314e-02-1.38807629e-09j -4.45353649e-10+0.00000000e+00j  3.29159257e-04+1.56235323e-04j]]

#################################

M_u:
[[ 0.00000000e+00+0.j  0.00000000e+00+0.j  1.69930981e+05+0.j  2.99313953e+04+0.j]
 [ 0.00000000e+00+0.j -4.13755840e+04+0.j  0.00000000e+00+0.j -2.89336142e+02+0.j]
 [-9.64469135e+00+0.j  0.00000000e+00+0.j  7.13701324e+03+0.j  0.00000000e+00+0.j]
 [ 0.00000000e+00+0.j  9.99143686e+05+0.j  0.00000000e+00+0.j  0.00000000e+00+0.j]]
M_d:
[[   0.         +0.j            0.         +0.j         4179.83612338 +0.j        ]
 [   0.         +0.j           -4.670244   +0.j          -32.93939556-16.88123744j]
 [  93.3863906  +0.j            0.         +0.j            0.         +0.j        ]]
chi_square: 7.75599131670411
phase = -2.668
m_u = (2.1613575403386087+0j) MeV/ chi_square_ratio_ut = 7.67516743591325e-06
m_c = (1.2693972119682075+0j) GeV/ chi_square_ratio_ct = 0.0008974622921967421
m_t = (172.68999999999997+0j) GeV
m_VLQ = (1.000000022054809+0j) TeV / chi_square_m_VLQ = 4.8641461158517385e-06
m_d = (4.670060898776418-1.3791322899010012e-14j) MeV / chi_square_ratio_db = 1.606181285767445e-08
m_s = (93.38639060202023-3.442381152491044e-19j) MeV/ chi_square_m_ratio_sb = 1.5422627376998953e-05
m_b = (4.18-3.0814879110195774e-36j) GeV
V_ud = 0.9737239959839205 / chi_square_V_ud = 0.000375111436870559
V_us = 0.22409211464625187 / chi_square_V_us = 0.06752550047341617
V_ub = 0.004299474134464008 / chi_square_V_ub = 5.747386140500234
V_cd = 0.22377661535268392 / chi_square_V_cd = 0.48184955104750304
V_cs = 0.9737175714777853 / chi_square_V_cs = 0.04568396984971738
V_cb = 0.0413762822215325 / chi_square_V_cb = 0.16943938717062818
V_td = 0.008590772842908588 / chi_square_V_td = 0.0021285106997396847
V_ts = 0.04070399426120962 / chi_square_V_ts = 0.7822532545521325
V_tb = 0.9991343169565731 / chi_square_V_tb = 0.26276876616840844
|V_ud|^2 + |V_us|^2 + |V_ub|^2 = 0.9983741816793558 / chi_square_first_row_unitarity = 5.394459615800895
gamma = 67.35968846139154 / chi_square_gamma = 0.1956556845105226
V:
[[ 9.73723995e-01-3.80101693e-05j -2.24092115e-01+0.00000000e+00j  1.73849720e-03-3.93231552e-03j]
 [ 2.23776558e-01+1.59935759e-04j  9.73717571e-01+0.00000000e+00j -4.13663830e-02-9.05035032e-04j]
 [ 7.58408104e-03-4.03523144e-03j  4.07039943e-02+0.00000000e+00j  9.99134317e-01+1.16976310e-06j]
 [-4.13739615e-02-1.49152101e-09j  4.47931759e-10+0.00000000e+00j  3.26419187e-04+1.67098558e-04j]]

#################################

M_u:
[[ 0.00000000e+00+0.j  0.00000000e+00+0.j  1.69904630e+05+0.j  3.00899187e+04+0.j]
 [ 0.00000000e+00+0.j -4.16473600e+04+0.j  0.00000000e+00+0.j -2.89246427e+02+0.j]
 [ 9.64096696e+00+0.j  0.00000000e+00+0.j  7.09764878e+03+0.j  0.00000000e+00+0.j]
 [ 0.00000000e+00+0.j  9.99132373e+05+0.j  0.00000000e+00+0.j  0.00000000e+00+0.j]]
M_d:
[[   0.         +0.j           0.         +0.j        4179.83612338 +0.j       ]
 [   0.         +0.j          -4.670244   +0.j         -32.41821279-17.8616751j]
 [  93.3863906  +0.j           0.         +0.j           0.         +0.j       ]]
chi_square: 15.397192537336194
phase = -2.638
m_u = (2.160056504997768+0j) MeV/ chi_square_ratio_ut = 1.3297074320635227e-08
m_c = (1.2690665789232314+0j) GeV/ chi_square_ratio_ct = 0.0021519995423566604
m_t = (172.68999999999997+0j) GeV
m_VLQ = (1.0000000006840395+0j) TeV / chi_square_m_VLQ = 4.679104256351571e-09
m_d = (4.670060898776491+1.6239443191168055e-15j) MeV / chi_square_ratio_db = 1.606181289592366e-08
m_s = (93.38639060202023+3.442619300732864e-19j) MeV/ chi_square_m_ratio_sb = 1.5422627376998953e-05
m_b = (4.18+3.0814879110195774e-36j) GeV
V_ud = 0.9737230349584978 / chi_square_V_ud = 0.0005048054435753514
V_us = 0.22404371608297913 / chi_square_V_us = 0.10262725956806433
V_ub = 0.004536319509667712 / chi_square_V_ub = 12.827840998264785
V_cd = 0.22373026405307642 / chi_square_V_cd = 0.4658963624700781
V_cs = 0.9737383443300773 / chi_square_V_cs = 0.044215973040221096
V_cb = 0.04112407182131289 / chi_square_V_cb = 0.053582931310740996
V_td = 0.008593805766356643 / chi_square_V_td = 0.0009592132607125266
V_ts = 0.04047283119565817 / chi_square_V_ts = 1.302562657546947
V_tb = 0.9991436814998275 / chi_square_V_tb = 0.26243781138949956
|V_ud|^2 + |V_us|^2 + |V_ub|^2 = 0.9983527137197522 / chi_square_first_row_unitarity = 5.537861406311463
gamma = 67.80829349933406 / chi_square_gamma = 0.33439706883384707
V:
[[ 9.73723034e-01-3.99934865e-05j -2.24043716e-01+0.00000000e+00j  1.80741784e-03-4.16070132e-03j]
 [ 2.23730201e-01+1.68262659e-04j  9.73738344e-01+0.00000000e+00j -4.11129265e-02-9.57371487e-04j]
 [ 7.45813252e-03-4.26963193e-03j  4.04728312e-02+0.00000000e+00j  9.99143681e-01+1.24385329e-06j]
 [-4.16457278e-02-1.59643141e-09j  4.50552822e-10+0.00000000e+00j  3.23372333e-04+1.77964738e-04j]]

#################################

M_u:
[[ 0.00000000e+00+0.j  0.00000000e+00+0.j  1.69876473e+05+0.j  3.02581158e+04+0.j]
 [ 0.00000000e+00+0.j  4.19420515e+04+0.j  0.00000000e+00+0.j -2.89153977e+02+0.j]
 [-9.64136992e+00+0.j  0.00000000e+00+0.j  7.05637719e+03+0.j  0.00000000e+00+0.j]
 [ 0.00000000e+00+0.j  9.99120046e+05+0.j  0.00000000e+00+0.j  0.00000000e+00+0.j]]
M_d:
[[   0.         +0.j            0.         +0.j         4179.83612338 +0.j        ]
 [   0.         +0.j           -4.670244   +0.j          -31.86785581-18.82603845j]
 [  93.3863906  +0.j            0.         +0.j            0.         +0.j        ]]
chi_square: 26.00296433938039
phase = -2.608
m_u = (2.159657391794197+0j) MeV/ chi_square_ratio_ut = 1.7360345944702745e-06
m_c = (1.2687238514181511+0j) GeV/ chi_square_ratio_ct = 0.0040224388710062104
m_t = (172.69+0j) GeV
m_VLQ = (1.0000000012484447+0j) TeV / chi_square_m_VLQ = 1.5586143681500366e-08
m_d = (4.670060898776466-2.5958701478902932e-14j) MeV / chi_square_ratio_db = 1.606181288301455e-08
m_s = (93.38639060202023-3.4421430042492226e-19j) MeV/ chi_square_m_ratio_sb = 1.5422627376998953e-05
m_b = (4.18+0j) GeV
V_ud = 0.9737216096181206 / chi_square_V_ud = 0.0007325547146923294
V_us = 0.2239927147791172 / chi_square_V_us = 0.14753782339530114
V_ub = 0.004771577209586819 / chi_square_V_ub = 22.63747964512593
V_cd = 0.2236812911074087 / chi_square_V_cd = 0.44933262516680916
V_cs = 0.9737601227184739 / chi_square_V_cs = 0.0427026575901251
V_cb = 0.04085939720103129 / chi_square_V_cb = 0.001800014025689202
V_td = 0.008597044392028816 / chi_square_V_td = 0.0002183904619832308
V_ts = 0.040230425416497004 / chi_square_V_ts = 1.9899007692306319
V_tb = 0.9991534434400972 / chi_square_V_tb = 0.26209303410986273
|V_ud|^2 + |V_us|^2 + |V_ub|^2 = 0.9983292772604896 / chi_square_first_row_unitarity = 5.696560147586065
gamma = 68.15544123589179 / chi_square_gamma = 0.4671271963784243
V:
[[ 9.73721609e-01-4.19050552e-05j -2.23992715e-01+0.00000000e+00j  1.88061982e-03-4.38534128e-03j]
 [ 2.23681222e-01+1.76284052e-04j  9.73760123e-01+0.00000000e+00j -4.08469417e-02-1.00880853e-03j]
 [ 7.32512160e-03-4.50019620e-03j  4.02304254e-02+0.00000000e+00j  9.99153443e-01+1.31789604e-06j]
 [ 4.19404077e-02+1.70345826e-09j -4.53403690e-10+0.00000000e+00j -3.20140177e-04-1.88900413e-04j]]

#################################

M_u:
[[ 0.00000000e+00+0.j  0.00000000e+00+0.j  1.69846777e+05+0.j -3.04342650e+04+0.j]
 [ 0.00000000e+00+0.j  4.22303321e+04+0.j  0.00000000e+00+0.j  2.89054982e+02+0.j]
 [ 9.64909819e+00+0.j  0.00000000e+00+0.j  7.01349033e+03+0.j  0.00000000e+00+0.j]
 [ 0.00000000e+00+0.j  9.99107906e+05+0.j  0.00000000e+00+0.j  0.00000000e+00+0.j]]
M_d:
[[   0.         +0.j            0.         +0.j         4179.83612338 +0.j        ]
 [   0.         +0.j           -4.670244   +0.j          -31.28881991-19.77345965j]
 [  93.3863906  +0.j            0.         +0.j            0.         +0.j        ]]
chi_square: 39.517403774852646
phase = -2.5780000000000003
m_u = (2.160899717380158+0j) MeV/ chi_square_ratio_ut = 3.371278197181252e-06
m_c = (1.2683382009959887+0j) GeV/ chi_square_ratio_ct = 0.006820935725627847
m_t = (172.69+0j) GeV
m_VLQ = (1.0000000043090271+0j) TeV / chi_square_m_VLQ = 1.8567714604561778e-07
m_d = (4.670060898776369+2.4334757159786614e-14j) MeV / chi_square_ratio_db = 1.6061812831856226e-08
m_s = (93.38639060202023-4.7629648364017584e-23j) MeV/ chi_square_m_ratio_sb = 1.5422627376998953e-05
m_b = (4.18+0j) GeV
V_ud = 0.9737201955612319 / chi_square_V_ud = 0.001000281160843097
V_us = 0.2239422221875406 / chi_square_V_us = 0.20000775482537492
V_ub = 0.005005119182182288 / chi_square_V_ub = 35.11268689941038
V_cd = 0.22363307192932097 / chi_square_V_cd = 0.43331673656112774
V_cs = 0.9737821106914262 / chi_square_V_cs = 0.04120151022051059
V_cb = 0.04058398245951199 / chi_square_V_cb = 0.023807947856372923
V_td = 0.008600508286514163 / chi_square_V_td = 6.458879511995474e-06
V_ts = 0.03997851947102627 / chi_square_V_ts = 2.8579049383286246
V_tb = 0.9991635246914273 / chi_square_V_tb = 0.26173721710093567
|V_ud|^2 + |V_us|^2 + |V_ub|^2 = 0.9983061893401254 / chi_square_first_row_unitarity = 5.855090921438544
gamma = 68.41080798541458 / chi_square_gamma = 0.5788940991388051
V:
[[ 9.73720195e-01-4.37442100e-05j -2.23942222e-01+0.00000000e+00j  1.95848354e-03-4.60603520e-03j]
 [ 2.23632996e-01+1.83994914e-04j  9.73782111e-01+0.00000000e+00j -4.05701551e-02-1.05931439e-03j]
 [ 7.18518567e-03-4.72671659e-03j  3.99785195e-02+0.00000000e+00j  9.99163525e-01+1.39178007e-06j]
 [ 4.22286769e-02+1.81135065e-09j -4.56150728e-10+0.00000000e+00j -3.16492705e-04-1.99770544e-04j]]

#################################

M_u:
[[ 0.00000000e+00+0.j  0.00000000e+00+0.j  1.69815480e+05+0.j -3.06185393e+04+0.j]
 [ 0.00000000e+00+0.j  4.25384039e+04+0.j  0.00000000e+00+0.j  2.88948486e+02+0.j]
 [ 9.64670046e+00+0.j  0.00000000e+00+0.j  6.96908444e+03+0.j  0.00000000e+00+0.j]
 [ 0.00000000e+00+0.j  9.99094833e+05+0.j  0.00000000e+00+0.j  0.00000000e+00+0.j]]
M_d:
[[   0.         +0.j            0.         +0.j         4179.83612338 +0.j        ]
 [   0.         +0.j           -4.670244   +0.j          -30.68162618-20.70308606j]
 [  93.3863906  +0.j            0.         +0.j            0.         +0.j        ]]
chi_square: 55.88010428936007
phase = -2.548
m_u = (2.1598487587624886+0j) MeV/ chi_square_ratio_ut = 3.3830101336364286e-07
m_c = (1.267922039870424+0j) GeV/ chi_square_ratio_ct = 0.010665013000890684
m_t = (172.69+0j) GeV
m_VLQ = (1.0000000008149625+0j) TeV / chi_square_m_VLQ = 6.641641477590168e-09
m_d = (4.670060898776369+1.2167378579893307e-14j) MeV / chi_square_ratio_db = 1.6061812831856226e-08
m_s = (93.38639060202023-2.3814824182008792e-23j) MeV/ chi_square_m_ratio_sb = 1.5422627376998953e-05
m_b = (4.18+0j) GeV
V_ud = 0.9737184581021511 / chi_square_V_ud = 0.0013862165031704094
V_us = 0.2238889972682401 / chi_square_V_us = 0.26394257111577696
V_ub = 0.0052366515847388625 / chi_square_V_ub = 50.172542813578254
V_cd = 0.22358210597970904 / chi_square_V_cd = 0.41670445565307296
V_cs = 0.9738050237784065 / chi_square_V_cs = 0.039665782504828606
V_cb = 0.04029839139507976 / chi_square_V_cb = 0.12837305741328006
V_td = 0.008604200008338071 / chi_square_V_td = 0.0004410017509966262
V_ts = 0.03971766063250288 / chi_square_V_ts = 3.9218933591728984
V_tb = 0.9991738962800567 / chi_square_V_tb = 0.2613714048924099
|V_ud|^2 + |V_us|^2 + |V_ub|^2 = 0.9982813412664284 / chi_square_first_row_unitarity = 6.0281384540446
gamma = 68.5872271620117 / chi_square_gamma = 0.6631028301426471
V:
[[ 9.73718457e-01-4.55083762e-05j -2.23888997e-01+0.00000000e+00j  2.04088576e-03-4.82258283e-03j]
 [ 2.23582024e-01+1.91386824e-04j  9.73805024e-01+0.00000000e+00j -4.02831336e-02-1.10882714e-03j]
 [ 7.03844892e-03-4.94898925e-03j  3.97176606e-02+0.00000000e+00j  9.99173896e-01+1.46547178e-06j]
 [ 4.25367368e-02+1.92120424e-09j -4.59079621e-10+0.00000000e+00j -3.12624517e-04-2.10688375e-04j]]

#################################

M_u:
[[ 0.00000000e+00+0.j  0.00000000e+00+0.j -1.69782507e+05+0.j  3.08111718e+04+0.j]
 [ 0.00000000e+00+0.j  4.28573707e+04+0.j  0.00000000e+00+0.j -2.88837528e+02+0.j]
